one-flip family, open candidates by mirror, K = (ln q)^3
    q  mirror   stride    K   span  open  first  periods the window affords
  101  5              360   98     28     6      6  28
  101  7              504   98     20     4      6  20
  101  11 (>sqrt q)    792   98     12     0   None  12
  101  11 (>sqrt q)    792   98     12     0   None  12

  251  5              360  168    168    25      6  175
  251  7              504  168    125    16      6  125
  251  11             792  168     79     9     18  79
  251  17 (>sqrt q)   1224  168     51     2     32  51

  503  5              360  240    239    29     10  701
  503  7              504  240    239    30     12  501
  503  11             792  240    240    21     18  319
  503  23 (>sqrt q)   1656  240    152     9      6  152

 1009  5              360  330    328    37     17  2,826
 1009  7              504  330    328    34     16  2,018
 1009  11             792  330    329    28     18  1,284
 1009  37 (>sqrt q)   2664  330    330    17      1  382

 2003  5              360  439    434    47     29  11,139
 2003  7              504  439    436    37     42  7,957
 2003  11             792  439    437    31     18  5,063
 2003  47 (>sqrt q)   3384  439    439    19      2  1,185

 5003  5              360  617    604    55     75  69,514
 5003  7              504  617    608    49     76  49,653
 5003  11             792  617    611    42     18  31,597
 5003  71 (>sqrt q)   5112  617    617    24      3  4,896

10007  5              360  781    754    57    141  278,139
10007  7              504  781    762    56    141  198,671
10007  11             792  781    769    50     18  126,427
10007  101 (>sqrt q)   7272  781    780    26      8  13,769

20011  5              360  971    916    58    289  1,112,278
20011  7              504  971    932    59    281  794,485
20011  11             792  971    946    58     27  505,581
20011  149 (>sqrt q)  10728  971    970    36      8  37,325

minimum open candidates over these machines:
  mirror 5     min 6  (values [6, 25, 29, 37, 47, 55, 57, 58])
  mirror 7     min 4  (values [4, 16, 30, 34, 37, 49, 56, 59])
  mirror sqrt  min 0  (values [0, 0, 2, 9, 17, 19, 24, 26, 36])
  mirror 11    min 9  (values [9, 21, 28, 31, 42, 50, 58])

every machine 11..2000, mirror {2,3,5}, K = (ln q)^3: first open period
  machines with no open candidate: 3;  fewest open: 0 at q = 11;  first open at offset 0..24 (mean 13.1)
