gear 7 teeth (fixed, machine-independent): (0, 4)
gear 11: (5, 2)  gear 13: (8, 2)  gear 17: (8, 13)

     q      K=(ln q)^3   window starts at k   first open k   offset   open in K   offset/(ln q)^2
    101        98               1               6        5         19   0.235
    251       168               1               6        5         25   0.164
    503       240               2              10        8         30   0.207
   1009       330               3              17       14         37   0.293
   2003       439               6              29       23         48   0.398
   5003       617              14              75       61         56   0.841
  10007       781              28             141      113         57   1.332
  20011       971              56             289      233         61   2.375
  50021      1266             139             702      563         51   4.809
 100003      1526             278            1396     1118         29   8.435
 200003      1818             556            none        -          0
 500009      2259            1389            none        -          0
1000003      2636            2778            none        -          0
