The primorial spiral with every gear's phase tracked (owner, 2026-09-15).

The spiral carries the base residues (the landing is -1 mod the base product at every step).
Every other gear is out of phase with that open set: its phase at a column n is n mod gear,
and it strikes the slot (n, n + 2) when the phase is 0 or gear - 2 (its two teeth).  A step
about {base, g} moves the column by 2 P g up or down, so every gear's phase slips by
+-(2 P g mod gear); the gear g itself and the base slip by 0.

Table per machine: rows = gears outside the base (and the base gears, always -1); columns =
after each step; entry = phase, marked with * when it sits on a tooth.  The last column is the
landing.  Then the correction the landing needs: for each gear on a tooth at the landing, the
phase moves the final flip {3, h} would give (6h mod gear, either direction).

usage: uv run python research/stack/r8/spiral_phases.py 31 101

q = 31: base [2, 3] (P = 6); steps about {base, g} for g = [31, 29, 23, 19, 17, 13, 11, 7, 5] (up, down, ...); landing 227 TWIN
  step    31+    29-    23+    19-    17+    13-    11+     7-     5+   phase after each step; * = on a tooth (0 or gear-2)
column    371     23    299     71    275    119    251    167    227
     5     1      3*     4      1      0*     4      1      2      2 
     7     0*     2      5*     1      2      0*     6      6      3 
    11     8      1      2      5      0*     9*     9*     2      7 
    13     7     10      0*     6      2      2      4     11*     6 
    17    14      6     10      3      3      0*    13     14      6 
    19    10      4     14     14      9      5      4     15     18 
    23     3      0*     0*     2     22      4     21*     6     20 
    29    23     23      9     13     14      3     19     22     24 
    31    30     23     20      9     27     26      3     12     10 
   slips (2 P g mod gear, signed by the step's direction):
     5      2      2      1      2     -1     -1      2      1      0
     7      1      2      3      3      1     -2     -1      0     -3
    11     -2      4      1      3     -5     -2      0      4      5
    13     -5      3      3      6     -4      0      2     -6     -5
    17     -2     -8      4     -7      0     -3     -4      1     -8
    19     -8     -6     -9      0     -5     -4     -1     -8      3
    23      4     -3      0      2     -3      5     -6      8     -9
    29     -5      0    -14      4      1    -11    -13      3      2
    31      0     -7     -3    -11    -13     -1      8      9     -2
   at the landing the gears on a tooth: []

q = 101: base [2, 3, 5] (P = 30); steps about {base, g} for g = [101, 97, 89, 83, 79, 73, 71, 67, 61, 59, 53, 47, 43, 41, 37, 31, 29, 23, 19, 17, 13, 11, 7] (up, down, ...); landing 3179 struck
  step   101+    97-    89+    83-    79+    73-    71+    67-    61+    59-    53+    47-    43+    41-    37+    31-    29+    23-    19+    17-    13+    11-     7+   phase after each step; * = on a tooth (0 or gear-2)
column   6059    239   5579    599   5339    959   5219   1199   4859   1319   4499   1679   4259   1799   4019   2159   3899   2519   3659   2639   3419   2759   3179
     5     4      4      4      4      4      4      4      4      4      4      4      4      4      4      4      4      4      4      4      4      4      4      4  base, carried
     7     4      1      0*     4      5*     0*     4      2      1      3      5*     6      3      0*     1      3      0*     6      5*     0*     3      1      1 
    11     9*     8      2      5      4      2      5      0*     8     10      0*     7      2      6      4      3      5      0*     7     10      9*     9*     0*
    13     1      5      2      1      9     10      6      3     10      6      1      2      8      5      2      1     12     10      6      0*     0*     3      7 
    17     7      1      3      4      1      7      0*     9     14     10     11     13      9     14      7      0*     6      3      4      4      2      5      0*
    19    17*    11     12     10      0*     9     13      2     14      8     15      7      3     13     10     12      4     11     11     17*    18      4      6 
    23    10      9     13      1      3     16     21*     3      6      8     14      0*     4      5     17     20     12     12      2     17     15     22      5 
    29    27*     7     11     19      3      2     28     10     16     14      4     26     25      1     17     13     13     25      5      0*    26      4     18 
    31    14     22     30     10      7     29*    11     21     23     17      4      5     12      1     20     20     24      8      1      4      9      0*    17 
    37    28     17     29      7     11     34      2     15     12     24     22     14      4     23     23     13     14      3     33     12     15     21     34 
    41    32     34      3     25      9     16     12     10     21      7     30     39*    36     36      1     27      4     18     10     15     16     12     22 
    43    39     24     32     40      7     13     16     38      0*    29     27      2      2     36     20      9     29     25      4     16     22      7     40 
    47    43      4     33     35     28     19      2     24     18      3     34     34     29     13     24     44     45*    28     40      7     35     33     30 
    53    17     27     14     16     39      5     25     33     36     47     47     36     19     50     44     39     30     28      2     42     27      3     52 
    59    41      3     33      9     29     15     27     19     21     21     15     27     11     29      7     35      5     41      1     43     56     45     52 
    61    20     56     28     50     32     44     34     40     40     38     46     32     50     30     54     24     56     18     60     16      3     14      7 
    67    29     38     18     63     46     21     60     60     35     46     10      4     38     57     66     15     13     40     41     26      2     12     30 
    71    24     26     41     31     14     36     36     63     31     41     26     46     70     24     43     29     65     34     38     12     11     61     55 
    73     0*    20     31     15     10     10     36     31     41      5     46      0*    25     47      4     42     30     37      9     11     61     58     40 
    79    55      2     49     46     46     11      5     14     40     55     75     20     72     61     69     26     28     70     25     32     22     73     19 
    83     0*    73     18     18     27     46     73     37     45     74     17     19     26     56     35      1     81*    29      7     66     16     20     25 
    89     7     61     61     65     88     69     57     42     53     73     49     77     76     19     14     23     72     27     10     58     37      0*    64 
    97    45     45     50     17      4     86     78     35      9     58     37     30     88     53     42     25     19     94     70     20     24     43     75 
   101   100     37     24     94     87     50     68     88     11      6     55     63     17     82     80     38     61     95     23     13     86     32     48 
   slips (2 P g mod gear, signed by the step's direction):
     7     -2     -3     -1     -3      1      2     -3     -2     -1      2      2      1     -3     -3      1      2     -3     -1     -1      2      3     -2      0
    11     -1     -1      5      3     -1     -2      3     -5     -3      2      1     -4     -5      4     -2     -1      2     -5     -4      3     -1      0      2
    13      2      4     -3     -1     -5      1     -4     -3     -6     -4     -5      1      6     -3     -3     -1     -2     -2     -4     -6      0      3      4
    17      8     -6      2      1     -3      6     -7     -8      5     -4      1      2     -4      5     -7     -7      6     -3      1      0     -2      3     -5
    19     -1     -6      1     -2      9      9      4      8     -7     -6      7     -8     -4     -9     -3      2     -8      7      0      6      1      5      2
    23     11     -1      4     11      2    -10      5      5      3      2      6      9      4      1    -11      3     -8      0    -10     -8     -2      7      6
    29     -1      9      4      8     13     -1     -3     11      6     -2    -10     -7     -1      5    -13     -4      0     12      9     -5     -3      7     14
    31     15      8      8     11     -3     -9     13     10      2     -6    -13      1      7    -11    -12      0      4     15     -7      3      5     -9    -14
    37     -8    -11     12     15      4    -14      5     13     -3     12     -2     -8    -10    -18      0    -10      1    -11     -7     16      3      6     13
    41     -8      2     10    -19    -16      7     -4     -2     11    -14    -18      9     -3      0      6    -15     18     14     -8      5      1     -4     10
    43     -3    -15      8      8     10      6      3    -21      5    -14     -2     18      0     -9    -16    -11     20     -4    -21     12      6    -15    -10
    47     -3      8    -18      2     -7     -9    -17     22     -6    -15    -16      0     -5    -16     11     20      1    -17     12     14    -19     -2     -3
    53     18     10    -13      2     23     19     20      8      3     11      0    -11    -17    -22     -6     -5     -9     -2    -26    -13    -15    -24     -4
    59    -17     21    -29    -24     20    -14     12     -8      2      0     -6     12    -16     18    -22     28     29    -23     19    -17     13    -11      7
    61     21    -25    -28     22    -18     12    -10      6      0     -2      8    -14     18    -20     24    -30    -29     23    -19     17    -13     11     -7
    67     30      9    -20    -22    -17    -25    -28      0    -25     11     31     -6    -33     19      9     16     -2     27      1    -15    -24     10     18
    71     25      2     15    -10    -17     22      0     27    -32     10    -15     20     24     25     19    -14    -35    -31      4    -26     -1    -21     -6
    73      1     20     11    -16     -5      0     26     -5     10    -36    -32     27     25     22     30    -35    -12      7    -28      2    -23     -3    -18
    79    -23     26    -32     -3      0    -35     -6      9     26     15     20     24    -27    -11      8     36      2    -37     34      7    -10    -28     25
    83      1    -10     28      0      9     19     27    -36      8     29     26      2      7     30    -21    -34     -3     31    -22    -24     33      4      5
    89      8    -35      0      4     23    -19    -12    -15     11     20    -24     28     -1     32     -5      9    -40     44    -17    -41    -21    -37    -25
    97     46      0      5    -33    -13    -15     -8    -43    -26    -48    -21     -7    -39    -35    -11    -17     -6    -22    -24     47      4     19     32
   101      0     38    -13    -31     -7    -37     18     20     24     -5     49      8    -46    -36     -2    -42     23     34     29    -10    -28     47     16
   at the landing the gears on a tooth: [11, 17]
   correction by one more flip about {3, h'}: the phase move 6h' mod gear for each striking gear, up (+) and down (-); a move that takes every striker off its teeth and puts no other gear on one is a passing h':
      h' =   11: 11: +0/-0, 17: +15/-2   up no, down no
      h' =   13: 11: +1/-10, 17: +10/-7   up PASS, down no
      h' =   17: 11: +3/-8, 17: +0/-0   up no, down no
      h' =   19: 11: +4/-7, 17: +12/-5   up no, down no
      h' =   23: 11: +6/-5, 17: +2/-15   up no, down no
      h' =   29: 11: +9/-2, 17: +4/-13   up no, down no
      h' =   31: 11: +10/-1, 17: +16/-1   up no, down no
      h' =   37: 11: +2/-9, 17: +1/-16   up no, down no
      h' =   41: 11: +4/-7, 17: +8/-9   up no, down no
      h' =   43: 11: +5/-6, 17: +3/-14   up no, down no
      h' =   47: 11: +7/-4, 17: +10/-7   up PASS, down no
      h' =   53: 11: +10/-1, 17: +12/-5   up no, down no
