Phase 2 and the base of the spiral: the landing is column h modulo the base.

The primorial spiral lands at E = -1 + 2 P A, so E = -1 (mod P) where P is the product of the
base gears.  The final step {3, h} lands at L = E + 6 d h, hence modulo every base gear g:
  up   (d = +1): L = 6h - 1,  L + 2 = 6h + 1      -- the landing IS column h
  down (d = -1): L = -(6h + 1), L + 2 = -(6h - 1) -- the landing is the reflection of column h
So a base gear g takes the high gear h iff g strikes column h = (6h - 1, 6h + 1), in either
direction: the base gears' forbidden classes of h are +-6^{-1} (mod g), independent of E and d.
The non-base gears of the sub-machine (P's next prime .. sqrt q) forbid classes that depend on E;
the high gears forbid their own two classes.

This script checks the identity at every machine and tables, per machine, the gear roles and
which stage takes each high gear.  usage: uv run python research/stack/r8/phase2_column.py 2000

    q base             sub non-base           reach col open  sub pass col twin ct pass  first pass
   11 [2]              []                         3        3    3    0        2       0  None
   13 [2, 3]           []                         5        5    5    1        3       1  (5, '-')
   17 [2, 3]           []                        10       10   10    1        6       1  (7, '+')
   19 [2, 3]           []                         8        8    8    5        5       3  (5, '+')
   23 [2, 3]           []                        14       14   14    4        8       1  (11, '+')
   29 [2, 3]           [5]                       11       11    8    3        5       3  (23, '+')
   31 [2, 3]           [5]                       16       16    8    3        6       1  (7, '+')
   37 [2, 3]           [5]                       16       16   12    5        6       0  (11, '+')
   41 [2, 3]           [5]                       19       19   14    5        6       1  (31, '+')
   43 [2, 3]           [5]                       19       19   10    5        6       4  (7, '+')
   47 [2, 3]           [5]                       23       23   16    6        7       2  (23, '+')
   53 [2, 3]           [5, 7]                    21       21    9    3        5       0  (43, '+')
   59 [2, 3]           [5, 7]                    25       25   10    7        6       0  (11, '+')
   61 [2, 3, 5]        [7]                       28       14   11    5        6       3  (17, '+')
   67 [2, 3, 5]        [7]                       30       16   10    2        6       1  (17, '+')
   71 [2, 3, 5]        [7]                       32       16   13    3        6       1  (13, '-')
   73 [2, 3, 5]        [7]                       34       18   11    5        6       1  (13, '+')
   79 [2, 3, 5]        [7]                       36       18   11    3        6       0  (13, '+')
   83 [2, 3, 5]        [7]                       38       20   17    5        6       0  (43, '+')
   89 [2, 3, 5]        [7]                       40       20   14    3        6       2  (53, '+')
   97 [2, 3, 5]        [7]                       42       22   15    4        6       0  (97, '+')
  101 [2, 3, 5]        [7]                       44       22   14    3        6       1  (13, '+')
  103 [2, 3, 5]        [7]                       46       24   16    3        8       1  (43, '+')
  107 [2, 3, 5]        [7]                       48       26   17    5       10       2  (23, '+')
  109 [2, 3, 5]        [7]                       50       26   18    3       10       1  (23, '+')
  113 [2, 3, 5]        [7]                       52       28   23    7       10       1  (43, '+')
  127 [2, 3, 5]        [7, 11]                   52       30   17    7       10       2  (43, '+')
  131 [2, 3, 5]        [7, 11]                   54       30   22   10       10       3  (17, '+')
  137 [2, 3, 5]        [7, 11]                   56       32   24    9       12       2  (17, '+')
  139 [2, 3, 5]        [7, 11]                   58       32   18    9       12       3  (23, '+')
  149 [2, 3, 5]        [7, 11]                   60       32   24   11       12       3  (17, '+')
  151 [2, 3, 5]        [7, 11]                   62       32   19   10       12       3  (13, '+')
  157 [2, 3, 5]        [7, 11]                   64       34   19    6       12       2  (23, '+')
  163 [2, 3, 5]        [7, 11]                   66       36   28   11       12       2  (23, '+')
  167 [2, 3, 5]        [7, 11]                   68       38   21    7       12       2  (23, '+')
  173 [2, 3, 5]        [7, 11, 13]               68       38   20   10       12       5  (97, '+')
  179 [2, 3, 5]        [7, 11, 13]               70       38   17    6       12       2  (53, '+')
  181 [2, 3, 5]        [7, 11, 13]               72       38   20   10       12       2  (73, '+')
  191 [2, 3, 5]        [7, 11, 13]               74       38   19    8       12       3  (37, '+')
  193 [2, 3, 5]        [7, 11, 13]               76       40   20    8       12       2  (53, '+')
  197 [2, 3, 5]        [7, 11, 13]               78       42   23    3       12       0  (173, '+')
  199 [2, 3, 5]        [7, 11, 13]               80       42   21    9       12       1  (37, '+')
  211 [2, 3, 5]        [7, 11, 13]               82       42   23    4       12       0  (53, '+')
  223 [2, 3, 5]        [7, 11, 13]               84       44   20    6       12       2  (43, '+')
  227 [2, 3, 5]        [7, 11, 13]               86       46   27    5       12       0  (193, '+')
  229 [2, 3, 5]        [7, 11, 13]               88       46   21    9       12       4  (23, '+')
  233 [2, 3, 5]        [7, 11, 13]               90       48   18    5       12       1  (103, '+')
  239 [2, 3, 5]        [7, 11, 13]               92       48   25   10       12       1  (47, '+')
  241 [2, 3, 5]        [7, 11, 13]               94       48   25    7       12       2  (83, '+')
  251 [2, 3, 5]        [7, 11, 13]               96       48   22    5       12       1  (73, '+')
  257 [2, 3, 5]        [7, 11, 13]               98       50   24    7       12       3  (23, '+')
  263 [2, 3, 5]        [7, 11, 13]              100       52   23    5       12       1  (83, '+')
  269 [2, 3, 5]        [7, 11, 13]              102       52   24    7       12       2  (17, '+')
  271 [2, 3, 5]        [7, 11, 13]              104       52   24    5       12       0  (43, '+')
  277 [2, 3, 5]        [7, 11, 13]              106       54   35    9       12       1  (37, '+')
  281 [2, 3, 5]        [7, 11, 13]              108       54   23    6       12       2  (23, '+')
  283 [2, 3, 5]        [7, 11, 13]              110       56   28    8       14       4  (17, '+')
  293 [2, 3, 5]        [7, 11, 13, 17]          110       56   24    8       12       1  (43, '+')
  307 [2, 3, 5]        [7, 11, 13, 17]          112       58   24   10       12       3  (37, '+')
  311 [2, 3, 5]        [7, 11, 13, 17]          114       58   22    4       12       2  (43, '+')
  313 [2, 3, 5]        [7, 11, 13, 17]          116       60   31    8       14       0  (43, '+')
  317 [2, 3, 5]        [7, 11, 13, 17]          118       62   20    8       14       3  (37, '+')
  331 [2, 3, 5]        [7, 11, 13, 17]          120       62   32   11       14       2  (113, '+')
  337 [2, 3, 5]        [7, 11, 13, 17]          122       64   22   10       14       4  (43, '+')
  347 [2, 3, 5]        [7, 11, 13, 17]          124       66   35   11       16       3  (23, '+')
  349 [2, 3, 5]        [7, 11, 13, 17]          126       66   29    9       16       1  (23, '+')
  353 [2, 3, 5]        [7, 11, 13, 17]          128       68   33   15       16       3  (47, '+')
  359 [2, 3, 5]        [7, 11, 13, 17]          130       68   33    8       16       3  (107, '+')
  367 [2, 3, 5]        [7, 11, 13, 17, 19]      130       70   26   11       16       2  (107, '+')
  373 [2, 3, 5]        [7, 11, 13, 17, 19]      132       72   30   11       18       2  (47, '+')
  379 [2, 3, 5]        [7, 11, 13, 17, 19]      134       72   31   14       18       2  (47, '+')
  383 [2, 3, 5]        [7, 11, 13, 17, 19]      136       74   24   10       18       1  (113, '+')
  389 [2, 3, 5]        [7, 11, 13, 17, 19]      138       74   31   11       18       3  (23, '+')
  397 [2, 3, 5]        [7, 11, 13, 17, 19]      140       76   32   11       20       4  (53, '+')
  401 [2, 3, 5]        [7, 11, 13, 17, 19]      142       76   42   14       20       1  (67, '+')
  409 [2, 3, 5]        [7, 11, 13, 17, 19]      144       76   38   14       20       5  (83, '+')
  419 [2, 3, 5]        [7, 11, 13, 17, 19]      146       76   23    9       20       2  (67, '+')
  421 [2, 3, 5, 7]     [11, 13, 17, 19]         148       54   32    9       20       5  (137, '+')
  431 [2, 3, 5, 7]     [11, 13, 17, 19]         150       54   31   10       20       5  (37, '+')
  433 [2, 3, 5, 7]     [11, 13, 17, 19]         152       54   29    7       20       3  (23, '+')
  439 [2, 3, 5, 7]     [11, 13, 17, 19]         154       54   31    9       20       3  (103, '+')
  443 [2, 3, 5, 7]     [11, 13, 17, 19]         156       56   27    8       22       4  (73, '+')
  449 [2, 3, 5, 7]     [11, 13, 17, 19]         158       56   27    4       22       1  (37, '+')
  457 [2, 3, 5, 7]     [11, 13, 17, 19]         160       58   29   10       22       3  (67, '+')
  461 [2, 3, 5, 7]     [11, 13, 17, 19]         162       58   27    6       22       3  (173, '+')
  463 [2, 3, 5, 7]     [11, 13, 17, 19]         164       58   36   12       22       4  (67, '+')
  467 [2, 3, 5, 7]     [11, 13, 17, 19]         166       60   39    9       24       6  (67, '+')
  479 [2, 3, 5, 7]     [11, 13, 17, 19]         168       60   34   10       24       6  (23, '+')
  487 [2, 3, 5, 7]     [11, 13, 17, 19]         170       62   35   10       24       2  (193, '+')
  491 [2, 3, 5, 7]     [11, 13, 17, 19]         172       62   35   13       24       6  (23, '+')
  499 [2, 3, 5, 7]     [11, 13, 17, 19]         174       62   29   11       24       6  (37, '+')
  503 [2, 3, 5, 7]     [11, 13, 17, 19]         176       62   40   11       24       2  (103, '+')
  509 [2, 3, 5, 7]     [11, 13, 17, 19]         178       62   36   12       24       5  (47, '+')
  521 [2, 3, 5, 7]     [11, 13, 17, 19]         180       62   34   10       24       4  (23, '+')
  523 [2, 3, 5, 7]     [11, 13, 17, 19]         182       64   32    4       24       0  (53, '+')
  541 [2, 3, 5, 7]     [11, 13, 17, 19, 23]     182       62   36   10       22       5  (37, '+')
  547 [2, 3, 5, 7]     [11, 13, 17, 19, 23]     184       62   27    6       22       2  (53, '+')
  557 [2, 3, 5, 7]     [11, 13, 17, 19, 23]     186       64   34    8       22       4  (193, '+')
  563 [2, 3, 5, 7]     [11, 13, 17, 19, 23]     188       66   28    6       22       1  (233, '+')
  569 [2, 3, 5, 7]     [11, 13, 17, 19, 23]     190       66   34    8       22       3  (313, '+')
  571 [2, 3, 5, 7]     [11, 13, 17, 19, 23]     192       66   28    5       22       3  (47, '+')
  577 [2, 3, 5, 7]     [11, 13, 17, 19, 23]     194       68   40   12       24       3  (37, '+')
  587 [2, 3, 5, 7]     [11, 13, 17, 19, 23]     196       68   34   10       24       4  (67, '+')
  593 [2, 3, 5, 7]     [11, 13, 17, 19, 23]     198       70   34   11       26       6  (103, '+')
  599 [2, 3, 5, 7]     [11, 13, 17, 19, 23]     200       70   36   12       26       6  (53, '+')
  601 [2, 3, 5, 7]     [11, 13, 17, 19, 23]     202       70   32   10       26       2  (47, '+')
  607 [2, 3, 5, 7]     [11, 13, 17, 19, 23]     204       72   36    9       26       4  (37, '+')
  613 [2, 3, 5, 7]     [11, 13, 17, 19, 23]     206       74   35   12       26       3  (107, '+')
  617 [2, 3, 5, 7]     [11, 13, 17, 19, 23]     208       74   37   10       26       3  (137, '+')
  619 [2, 3, 5, 7]     [11, 13, 17, 19, 23]     210       74   32    9       26       7  (103, '+')
  631 [2, 3, 5, 7]     [11, 13, 17, 19, 23]     212       74   37    9       26       3  (137, '+')
  641 [2, 3, 5, 7]     [11, 13, 17, 19, 23]     214       74   38    7       26       0  (37, '+')
  643 [2, 3, 5, 7]     [11, 13, 17, 19, 23]     216       74   38    9       26       3  (47, '+')
  647 [2, 3, 5, 7]     [11, 13, 17, 19, 23]     218       76   35    8       26       4  (367, '+')
  653 [2, 3, 5, 7]     [11, 13, 17, 19, 23]     220       78   36   10       28       3  (193, '+')
  659 [2, 3, 5, 7]     [11, 13, 17, 19, 23]     222       78   41    6       28       2  (163, '+')
  661 [2, 3, 5, 7]     [11, 13, 17, 19, 23]     224       78   33    9       28       3  (53, '+')
  673 [2, 3, 5, 7]     [11, 13, 17, 19, 23]     226       78   39    8       28       4  (227, '+')
  677 [2, 3, 5, 7]     [11, 13, 17, 19, 23]     228       80   36    9       28       0  (193, '+')
  683 [2, 3, 5, 7]     [11, 13, 17, 19, 23]     230       82   42    9       28       2  (53, '+')
  691 [2, 3, 5, 7]     [11, 13, 17, 19, 23]     232       82   43   14       28       7  (157, '+')
  701 [2, 3, 5, 7]     [11, 13, 17, 19, 23]     234       82   38   13       28       4  (67, '+')
  709 [2, 3, 5, 7]     [11, 13, 17, 19, 23]     236       82   37   11       28       4  (107, '+')
  719 [2, 3, 5, 7]     [11, 13, 17, 19, 23]     238       82   38   11       28       3  (257, '+')
  727 [2, 3, 5, 7]     [11, 13, 17, 19, 23]     240       82   42    5       28       1  (367, '+')
  733 [2, 3, 5, 7]     [11, 13, 17, 19, 23]     242       84   37    7       28       1  (563, '+')
  739 [2, 3, 5, 7]     [11, 13, 17, 19, 23]     244       84   44    8       28       1  (487, '+')
  743 [2, 3, 5, 7]     [11, 13, 17, 19, 23]     246       84   46   12       28       6  (193, '+')
  751 [2, 3, 5, 7]     [11, 13, 17, 19, 23]     248       84   41    8       28       2  (47, '+')
  757 [2, 3, 5, 7]     [11, 13, 17, 19, 23]     250       84   46    9       28       2  (233, '+')
  761 [2, 3, 5, 7]     [11, 13, 17, 19, 23]     252       84   47   11       28       3  (137, '+')
  769 [2, 3, 5, 7]     [11, 13, 17, 19, 23]     254       84   47   16       28       8  (107, '+')
  773 [2, 3, 5, 7]     [11, 13, 17, 19, 23]     256       86   42   11       30       3  (73, '+')
  787 [2, 3, 5, 7]     [11, 13, 17, 19, 23]     258       88   44    8       32       4  (73, '+')
  797 [2, 3, 5, 7]     [11, 13, 17, 19, 23]     260       88   44   11       32       4  (277, '+')
  809 [2, 3, 5, 7]     [11, 13, 17, 19, 23]     262       88   44   10       32       6  (37, '+')
  811 [2, 3, 5, 7]     [11, 13, 17, 19, 23]     264       88   39   11       32       4  (103, '+')
  821 [2, 3, 5, 7]     [11, 13, 17, 19, 23]     266       88   42   13       32       3  (233, '+')
  823 [2, 3, 5, 7]     [11, 13, 17, 19, 23]     268       90   48   12       32       6  (73, '+')
  827 [2, 3, 5, 7]     [11, 13, 17, 19, 23]     270       90   43   10       32       5  (67, '+')
  829 [2, 3, 5, 7]     [11, 13, 17, 19, 23]     272       90   44   10       32       3  (157, '+')
  839 [2, 3, 5, 7]     [11, 13, 17, 19, 23]     274       90   47   12       32       0  (37, '+')
  853 [2, 3, 5, 7]     [11, 13, 17, 19, 23, 29]   274       90   47   18       32       6  (103, '+')
  857 [2, 3, 5, 7]     [11, 13, 17, 19, 23, 29]   276       92   46   13       32       6  (73, '+')
  859 [2, 3, 5, 7]     [11, 13, 17, 19, 23, 29]   278       92   44   13       32       3  (37, '+')
  863 [2, 3, 5, 7]     [11, 13, 17, 19, 23, 29]   280       94   42   11       32       3  (163, '+')
  877 [2, 3, 5, 7]     [11, 13, 17, 19, 23, 29]   282       96   46   11       32       6  (193, '+')
  881 [2, 3, 5, 7]     [11, 13, 17, 19, 23, 29]   284       96   36    8       32       1  (67, '+')
  883 [2, 3, 5, 7]     [11, 13, 17, 19, 23, 29]   286       96   47   17       32       4  (53, '+')
  887 [2, 3, 5, 7]     [11, 13, 17, 19, 23, 29]   288       98   52   12       32       3  (173, '+')
  907 [2, 3, 5, 7]     [11, 13, 17, 19, 23, 29]   290      100   42   12       34       4  (47, '+')
  911 [2, 3, 5, 7]     [11, 13, 17, 19, 23, 29]   292      100   42   12       34       3  (157, '+')
  919 [2, 3, 5, 7]     [11, 13, 17, 19, 23, 29]   294      100   46   13       34       5  (103, '+')
  929 [2, 3, 5, 7]     [11, 13, 17, 19, 23, 29]   296      100   47   10       34       3  (523, '+')
  937 [2, 3, 5, 7]     [11, 13, 17, 19, 23, 29]   298      100   46    6       34       2  (47, '+')
  941 [2, 3, 5, 7]     [11, 13, 17, 19, 23, 29]   300      100   54   15       34       3  (443, '+')
  947 [2, 3, 5, 7]     [11, 13, 17, 19, 23, 29]   302      102   41    3       34       2  (373, '-')
  953 [2, 3, 5, 7]     [11, 13, 17, 19, 23, 29]   304      102   49   13       34       5  (37, '+')
  967 [2, 3, 5, 7]     [11, 13, 17, 19, 23, 29, 31]   304      102   44   12       34       3  (227, '+')
  971 [2, 3, 5, 7]     [11, 13, 17, 19, 23, 29, 31]   306      102   42   16       34       9  (107, '+')
  977 [2, 3, 5, 7]     [11, 13, 17, 19, 23, 29, 31]   308      104   42   12       34       3  (103, '+')
  983 [2, 3, 5, 7]     [11, 13, 17, 19, 23, 29, 31]   310      106   49   19       34       8  (137, '+')
  991 [2, 3, 5, 7]     [11, 13, 17, 19, 23, 29, 31]   312      106   53   20       34       7  (47, '+')
  997 [2, 3, 5, 7]     [11, 13, 17, 19, 23, 29, 31]   314      108   37   12       34       7  (457, '+')
 1009 [2, 3, 5, 7]     [11, 13, 17, 19, 23, 29, 31]   316      108   48   15       34       4  (107, '+')
 1013 [2, 3, 5, 7]     [11, 13, 17, 19, 23, 29, 31]   318      110   55   16       34       6  (107, '+')
 1019 [2, 3, 5, 7]     [11, 13, 17, 19, 23, 29, 31]   320      110   51   15       34       2  (163, '+')
 1021 [2, 3, 5, 7]     [11, 13, 17, 19, 23, 29, 31]   322      110   36   11       34       1  (37, '+')
 1031 [2, 3, 5, 7]     [11, 13, 17, 19, 23, 29, 31]   324      110   43    8       34       2  (67, '+')
 1033 [2, 3, 5, 7]     [11, 13, 17, 19, 23, 29, 31]   326      112   39    9       36       1  (73, '+')
 1039 [2, 3, 5, 7]     [11, 13, 17, 19, 23, 29, 31]   328      112   44   11       36       1  (67, '+')
 1049 [2, 3, 5, 7]     [11, 13, 17, 19, 23, 29, 31]   330      112   45    6       36       0  (193, '+')
 1051 [2, 3, 5, 7]     [11, 13, 17, 19, 23, 29, 31]   332      112   44   13       36       3  (283, '+')
 1061 [2, 3, 5, 7]     [11, 13, 17, 19, 23, 29, 31]   334      112   48   14       36       4  (37, '+')
 1063 [2, 3, 5, 7]     [11, 13, 17, 19, 23, 29, 31]   336      112   45   14       36       5  (227, '+')
 1069 [2, 3, 5, 7]     [11, 13, 17, 19, 23, 29, 31]   338      112   40    8       36       3  (193, '+')
 1087 [2, 3, 5, 7]     [11, 13, 17, 19, 23, 29, 31]   340      114   51   18       36       5  (37, '+')
 1091 [2, 3, 5, 7]     [11, 13, 17, 19, 23, 29, 31]   342      114   49   15       36       5  (157, '+')
 1093 [2, 3, 5, 7]     [11, 13, 17, 19, 23, 29, 31]   344      114   47   17       36       7  (47, '+')
 1097 [2, 3, 5, 7]     [11, 13, 17, 19, 23, 29, 31]   346      116   50   14       36       6  (47, '+')
 1103 [2, 3, 5, 7]     [11, 13, 17, 19, 23, 29, 31]   348      118   52   15       36       6  (263, '+')
 1109 [2, 3, 5, 7]     [11, 13, 17, 19, 23, 29, 31]   350      118   53   18       36       6  (73, '+')
 1117 [2, 3, 5, 7]     [11, 13, 17, 19, 23, 29, 31]   352      120   58   10       38       3  (193, '+')
 1123 [2, 3, 5, 7]     [11, 13, 17, 19, 23, 29, 31]   354      122   47   15       38       5  (47, '+')
 1129 [2, 3, 5, 7]     [11, 13, 17, 19, 23, 29, 31]   356      122   58    9       38       2  (907, '+')
 1151 [2, 3, 5, 7]     [11, 13, 17, 19, 23, 29, 31]   358      122   57   13       38       4  (137, '+')
 1153 [2, 3, 5, 7]     [11, 13, 17, 19, 23, 29, 31]   360      124   50   11       38       3  (443, '+')
 1163 [2, 3, 5, 7]     [11, 13, 17, 19, 23, 29, 31]   362      124   45   11       38       3  (443, '+')
 1171 [2, 3, 5, 7]     [11, 13, 17, 19, 23, 29, 31]   364      124   60    5       38       4  (47, '+')
 1181 [2, 3, 5, 7]     [11, 13, 17, 19, 23, 29, 31]   366      124   50   14       38       5  (107, '+')
 1187 [2, 3, 5, 7]     [11, 13, 17, 19, 23, 29, 31]   368      126   53    7       38       4  (107, '+')
 1193 [2, 3, 5, 7]     [11, 13, 17, 19, 23, 29, 31]   370      128   53   20       38       7  (373, '+')
 1201 [2, 3, 5, 7]     [11, 13, 17, 19, 23, 29, 31]   372      128   57    8       38       3  (47, '+')
 1213 [2, 3, 5, 7]     [11, 13, 17, 19, 23, 29, 31]   374      130   73   19       38       7  (107, '+')
 1217 [2, 3, 5, 7]     [11, 13, 17, 19, 23, 29, 31]   376      130   55   15       38       3  (193, '+')
 1223 [2, 3, 5, 7]     [11, 13, 17, 19, 23, 29, 31]   378      132   63   12       38       4  (263, '+')
 1229 [2, 3, 5, 7]     [11, 13, 17, 19, 23, 29, 31]   380      132   57   17       38       4  (137, '+')
 1231 [2, 3, 5, 7]     [11, 13, 17, 19, 23, 29, 31]   382      132   57   10       38       2  (157, '+')
 1237 [2, 3, 5, 7]     [11, 13, 17, 19, 23, 29, 31]   384      134   53   15       38       4  (257, '+')
 1249 [2, 3, 5, 7]     [11, 13, 17, 19, 23, 29, 31]   386      134   64    8       38       1  (227, '+')
 1259 [2, 3, 5, 7]     [11, 13, 17, 19, 23, 29, 31]   388      134   52   17       38       2  (37, '+')
 1277 [2, 3, 5, 7]     [11, 13, 17, 19, 23, 29, 31]   390      136   51    7       38       3  (593, '+')
 1279 [2, 3, 5, 7]     [11, 13, 17, 19, 23, 29, 31]   392      136   65   18       38       5  (277, '+')
 1283 [2, 3, 5, 7]     [11, 13, 17, 19, 23, 29, 31]   394      138   61   16       38       7  (157, '+')
 1289 [2, 3, 5, 7]     [11, 13, 17, 19, 23, 29, 31]   396      138   58   15       38       4  (53, '+')
 1291 [2, 3, 5, 7]     [11, 13, 17, 19, 23, 29, 31]   398      138   65   15       38       6  (107, '+')
 1297 [2, 3, 5, 7]     [11, 13, 17, 19, 23, 29, 31]   400      140   66   17       38       4  (173, '+')
 1301 [2, 3, 5, 7]     [11, 13, 17, 19, 23, 29, 31]   402      140   63   21       38       7  (47, '+')
 1303 [2, 3, 5, 7]     [11, 13, 17, 19, 23, 29, 31]   404      140   57   11       38       3  (263, '+')
 1307 [2, 3, 5, 7]     [11, 13, 17, 19, 23, 29, 31]   406      142   67   12       38       3  (277, '+')
 1319 [2, 3, 5, 7]     [11, 13, 17, 19, 23, 29, 31]   408      142   63   14       38       6  (227, '+')
 1321 [2, 3, 5, 7]     [11, 13, 17, 19, 23, 29, 31]   410      142   56   16       38       6  (137, '+')
 1327 [2, 3, 5, 7]     [11, 13, 17, 19, 23, 29, 31]   412      144   62   15       38       2  (257, '+')
 1361 [2, 3, 5, 7]     [11, 13, 17, 19, 23, 29, 31]   414      144   64   16       38       5  (137, '+')
 1367 [2, 3, 5, 7]     [11, 13, 17, 19, 23, 29, 31]   416      146   56   14       38       2  (37, '+')
 1373 [2, 3, 5, 7]     [11, 13, 17, 19, 23, 29, 31, 37]   416      144   47   13       38       6  (103, '+')
 1381 [2, 3, 5, 7]     [11, 13, 17, 19, 23, 29, 31, 37]   418      144   68   18       38       2  (47, '+')
 1399 [2, 3, 5, 7]     [11, 13, 17, 19, 23, 29, 31, 37]   420      144   59   11       38       3  (53, '+')
 1409 [2, 3, 5, 7]     [11, 13, 17, 19, 23, 29, 31, 37]   422      144   70   21       38       6  (163, '+')
 1423 [2, 3, 5, 7]     [11, 13, 17, 19, 23, 29, 31, 37]   424      146   55   12       40       3  (73, '+')
 1427 [2, 3, 5, 7]     [11, 13, 17, 19, 23, 29, 31, 37]   426      146   55   12       40       6  (173, '+')
 1429 [2, 3, 5, 7]     [11, 13, 17, 19, 23, 29, 31, 37]   428      146   52   11       40       3  (107, '+')
 1433 [2, 3, 5, 7]     [11, 13, 17, 19, 23, 29, 31, 37]   430      148   59   13       42       5  (73, '+')
 1439 [2, 3, 5, 7]     [11, 13, 17, 19, 23, 29, 31, 37]   432      148   59   16       42       5  (277, '+')
 1447 [2, 3, 5, 7]     [11, 13, 17, 19, 23, 29, 31, 37]   434      150   70   16       42       3  (67, '+')
 1451 [2, 3, 5, 7]     [11, 13, 17, 19, 23, 29, 31, 37]   436      150   55   15       42       5  (137, '+')
 1453 [2, 3, 5, 7]     [11, 13, 17, 19, 23, 29, 31, 37]   438      152   61   14       42       1  (67, '+')
 1459 [2, 3, 5, 7]     [11, 13, 17, 19, 23, 29, 31, 37]   440      152   75   22       42       5  (347, '+')
 1471 [2, 3, 5, 7]     [11, 13, 17, 19, 23, 29, 31, 37]   442      152   57   14       42       4  (193, '+')
 1481 [2, 3, 5, 7]     [11, 13, 17, 19, 23, 29, 31, 37]   444      152   69   17       42       2  (107, '+')
 1483 [2, 3, 5, 7]     [11, 13, 17, 19, 23, 29, 31, 37]   446      152   66   20       42       6  (53, '+')
 1487 [2, 3, 5, 7]     [11, 13, 17, 19, 23, 29, 31, 37]   448      154   60   17       42       4  (53, '+')
 1489 [2, 3, 5, 7]     [11, 13, 17, 19, 23, 29, 31, 37]   450      154   73   18       42       6  (103, '+')
 1493 [2, 3, 5, 7]     [11, 13, 17, 19, 23, 29, 31, 37]   452      156   63   21       42       9  (277, '+')
 1499 [2, 3, 5, 7]     [11, 13, 17, 19, 23, 29, 31, 37]   454      156   62   17       42       4  (277, '+')
 1511 [2, 3, 5, 7]     [11, 13, 17, 19, 23, 29, 31, 37]   456      156   62   26       42       5  (103, '+')
 1523 [2, 3, 5, 7]     [11, 13, 17, 19, 23, 29, 31, 37]   458      158   59   23       42       5  (103, '+')
 1531 [2, 3, 5, 7]     [11, 13, 17, 19, 23, 29, 31, 37]   460      158   75   27       42       7  (67, '+')
 1543 [2, 3, 5, 7]     [11, 13, 17, 19, 23, 29, 31, 37]   462      160   64   23       42       6  (53, '+')
 1549 [2, 3, 5, 7]     [11, 13, 17, 19, 23, 29, 31, 37]   464      160   73   22       42       5  (103, '+')
 1553 [2, 3, 5, 7]     [11, 13, 17, 19, 23, 29, 31, 37]   466      160   68   21       42       5  (53, '+')
 1559 [2, 3, 5, 7]     [11, 13, 17, 19, 23, 29, 31, 37]   468      160   65   21       42       9  (107, '+')
 1567 [2, 3, 5, 7]     [11, 13, 17, 19, 23, 29, 31, 37]   470      160   71   25       42       8  (53, '+')
 1571 [2, 3, 5, 7]     [11, 13, 17, 19, 23, 29, 31, 37]   472      160   80   21       42       7  (313, '+')
 1579 [2, 3, 5, 7]     [11, 13, 17, 19, 23, 29, 31, 37]   474      160   64   13       42       1  (227, '+')
 1583 [2, 3, 5, 7]     [11, 13, 17, 19, 23, 29, 31, 37]   476      160   70   14       42       1  (67, '+')
 1597 [2, 3, 5, 7]     [11, 13, 17, 19, 23, 29, 31, 37]   478      160   64   15       42       3  (233, '+')
 1601 [2, 3, 5, 7]     [11, 13, 17, 19, 23, 29, 31, 37]   480      160   67   16       42       2  (157, '+')
 1607 [2, 3, 5, 7]     [11, 13, 17, 19, 23, 29, 31, 37]   482      162   59   12       42       4  (137, '+')
 1609 [2, 3, 5, 7]     [11, 13, 17, 19, 23, 29, 31, 37]   484      162   73   15       42       2  (317, '+')
 1613 [2, 3, 5, 7]     [11, 13, 17, 19, 23, 29, 31, 37]   486      164   65   14       44       5  (257, '+')
 1619 [2, 3, 5, 7]     [11, 13, 17, 19, 23, 29, 31, 37]   488      164   68   12       44       4  (73, '+')
 1621 [2, 3, 5, 7]     [11, 13, 17, 19, 23, 29, 31, 37]   490      164   65   13       44       5  (163, '+')
 1627 [2, 3, 5, 7]     [11, 13, 17, 19, 23, 29, 31, 37]   492      166   83   17       44       4  (163, '+')
 1637 [2, 3, 5, 7]     [11, 13, 17, 19, 23, 29, 31, 37]   494      166   75   15       44       6  (47, '+')
 1657 [2, 3, 5, 7]     [11, 13, 17, 19, 23, 29, 31, 37]   496      168   62   17       44       7  (193, '+')
 1663 [2, 3, 5, 7]     [11, 13, 17, 19, 23, 29, 31, 37]   498      170   73   19       44       7  (47, '+')
 1667 [2, 3, 5, 7]     [11, 13, 17, 19, 23, 29, 31, 37]   500      170   71   16       44       4  (257, '+')
 1669 [2, 3, 5, 7]     [11, 13, 17, 19, 23, 29, 31, 37]   502      170   59   20       44       5  (157, '+')
 1693 [2, 3, 5, 7]     [11, 13, 17, 19, 23, 29, 31, 37, 41]   502      170   61   15       44       9  (283, '+')
 1697 [2, 3, 5, 7]     [11, 13, 17, 19, 23, 29, 31, 37, 41]   504      172   74   22       44       6  (137, '+')
 1699 [2, 3, 5, 7]     [11, 13, 17, 19, 23, 29, 31, 37, 41]   506      172   62   17       44       7  (103, '+')
 1709 [2, 3, 5, 7]     [11, 13, 17, 19, 23, 29, 31, 37, 41]   508      172   64   16       44       4  (53, '+')
 1721 [2, 3, 5, 7]     [11, 13, 17, 19, 23, 29, 31, 37, 41]   510      172   60   19       44       3  (73, '+')
 1723 [2, 3, 5, 7]     [11, 13, 17, 19, 23, 29, 31, 37, 41]   512      172   72   19       44       5  (103, '+')
 1733 [2, 3, 5, 7]     [11, 13, 17, 19, 23, 29, 31, 37, 41]   514      174   67   14       44       3  (137, '+')
 1741 [2, 3, 5, 7]     [11, 13, 17, 19, 23, 29, 31, 37, 41]   516      174   68   20       44       5  (47, '+')
 1747 [2, 3, 5, 7]     [11, 13, 17, 19, 23, 29, 31, 37, 41]   518      176   73   14       44       5  (137, '+')
 1753 [2, 3, 5, 7]     [11, 13, 17, 19, 23, 29, 31, 37, 41]   520      178   65   18       44       4  (67, '+')
 1759 [2, 3, 5, 7]     [11, 13, 17, 19, 23, 29, 31, 37, 41]   522      178   60   11       44       5  (103, '+')
 1777 [2, 3, 5, 7]     [11, 13, 17, 19, 23, 29, 31, 37, 41]   524      178   67   17       44       1  (277, '+')
 1783 [2, 3, 5, 7]     [11, 13, 17, 19, 23, 29, 31, 37, 41]   526      180   68   17       44       3  (67, '+')
 1787 [2, 3, 5, 7]     [11, 13, 17, 19, 23, 29, 31, 37, 41]   528      182   67   12       44       3  (313, '+')
 1789 [2, 3, 5, 7]     [11, 13, 17, 19, 23, 29, 31, 37, 41]   530      182   68   16       44       4  (137, '+')
 1801 [2, 3, 5, 7]     [11, 13, 17, 19, 23, 29, 31, 37, 41]   532      182   77   14       44       1  (67, '+')
 1811 [2, 3, 5, 7]     [11, 13, 17, 19, 23, 29, 31, 37, 41]   534      182   73   17       44       8  (577, '+')
 1823 [2, 3, 5, 7]     [11, 13, 17, 19, 23, 29, 31, 37, 41]   536      184   74   16       46       7  (367, '+')
 1831 [2, 3, 5, 7]     [11, 13, 17, 19, 23, 29, 31, 37, 41]   538      184   79   20       46       5  (137, '+')
 1847 [2, 3, 5, 7]     [11, 13, 17, 19, 23, 29, 31, 37, 41]   540      184   76   21       46       7  (173, '+')
 1861 [2, 3, 5, 7]     [11, 13, 17, 19, 23, 29, 31, 37, 41, 43]   540      184   63   18       46       3  (137, '+')
 1867 [2, 3, 5, 7]     [11, 13, 17, 19, 23, 29, 31, 37, 41, 43]   542      186   68   16       46       3  (47, '+')
 1871 [2, 3, 5, 7]     [11, 13, 17, 19, 23, 29, 31, 37, 41, 43]   544      186   61   18       46       8  (47, '+')
 1873 [2, 3, 5, 7]     [11, 13, 17, 19, 23, 29, 31, 37, 41, 43]   546      188   64   14       46       4  (53, '+')
 1877 [2, 3, 5, 7]     [11, 13, 17, 19, 23, 29, 31, 37, 41, 43]   548      188   84   24       46       2  (233, '+')
 1879 [2, 3, 5, 7]     [11, 13, 17, 19, 23, 29, 31, 37, 41, 43]   550      188   71   26       46       4  (73, '+')
 1889 [2, 3, 5, 7]     [11, 13, 17, 19, 23, 29, 31, 37, 41, 43]   552      188   66   19       46       5  (47, '+')
 1901 [2, 3, 5, 7]     [11, 13, 17, 19, 23, 29, 31, 37, 41, 43]   554      188   71   27       46       5  (353, '+')
 1907 [2, 3, 5, 7]     [11, 13, 17, 19, 23, 29, 31, 37, 41, 43]   556      190   63   21       46      11  (73, '+')
 1913 [2, 3, 5, 7]     [11, 13, 17, 19, 23, 29, 31, 37, 41, 43]   558      192   67   24       46      10  (47, '+')
 1931 [2, 3, 5, 7]     [11, 13, 17, 19, 23, 29, 31, 37, 41, 43]   560      192   78   26       46       4  (173, '+')
 1933 [2, 3, 5, 7]     [11, 13, 17, 19, 23, 29, 31, 37, 41, 43]   562      192   89   27       46       6  (47, '+')
 1949 [2, 3, 5, 7]     [11, 13, 17, 19, 23, 29, 31, 37, 41, 43]   564      192   66   21       46       7  (103, '+')
 1951 [2, 3, 5, 7]     [11, 13, 17, 19, 23, 29, 31, 37, 41, 43]   566      192   61   20       46       5  (227, '+')
 1973 [2, 3, 5, 7]     [11, 13, 17, 19, 23, 29, 31, 37, 41, 43]   568      192   72   26       46      11  (67, '+')
 1979 [2, 3, 5, 7]     [11, 13, 17, 19, 23, 29, 31, 37, 41, 43]   570      192   67   22       46       5  (73, '+')
 1987 [2, 3, 5, 7]     [11, 13, 17, 19, 23, 29, 31, 37, 41, 43]   572      192   53   19       46       5  (313, '+')
 1993 [2, 3, 5, 7]     [11, 13, 17, 19, 23, 29, 31, 37, 41, 43]   574      194   83   23       46       5  (563, '+')
 1997 [2, 3, 5, 7]     [11, 13, 17, 19, 23, 29, 31, 37, 41, 43]   576      196   74   22       46       6  (103, '+')
 1999 [2, 3, 5, 7]     [11, 13, 17, 19, 23, 29, 31, 37, 41, 43]   578      196   69   20       46       4  (103, '+')

identity mismatches (base gear takes h vs base gear strikes column h): 0
totals: reach 86396, column open to base 30710, left by sub-machine 13382, pass 3639; h with column h a twin prime pair 8825, of which pass 1076

q = 101: base [2, 3, 5], sub non-base [7], high gears above 10; E = 3179
   h = 11 +: column h struck; base (taken by 5)
   h = 13 +: column h struck; pass
   h = 17 +: column h twin; sub (taken by 7)
   h = 19 +: column h struck; base (taken by 5)
   h = 23 +: column h twin; high (taken by 31)
   h = 29 +: column h struck; base (taken by 5)
   h = 31 +: column h struck; base (taken by 5)
   h = 37 +: column h struck; high (taken by 19)
   h = 41 +: column h struck; base (taken by 5)
   h = 43 +: column h struck; sub (taken by 7)
   h = 47 +: column h twin; pass
   h = 53 +: column h struck; high (taken by 13)
   h = 59 +: column h struck; base (taken by 5)
   h = 61 +: column h struck; base (taken by 5)
   h = 67 +: column h struck; pass
   h = 71 +: column h struck; base (taken by 5)
   h = 73 +: column h struck; sub (taken by 7)
   h = 79 +: column h struck; base (taken by 5)
   h = 83 +: column h struck; high (taken by 13)
   h = 89 +: column h struck; base (taken by 5)
   h = 97 +: column h struck; high (taken by 53)
   h = 101 +: column h struck; base (taken by 5)
   h = 11 -: column h struck; base (taken by 5)
   h = 13 -: column h struck; sub (taken by 7)
   h = 17 -: column h twin; high (taken by 17)
   h = 19 -: column h struck; base (taken by 5)
   h = 23 -: column h twin; high (taken by 17)
   h = 29 -: column h struck; base (taken by 5)
   h = 31 -: column h struck; base (taken by 5)
   h = 37 -: column h struck; high (taken by 11)
   h = 41 -: column h struck; base (taken by 5)
   h = 43 -: column h struck; high (taken by 23)
   h = 47 -: column h twin; high (taken by 13)
   h = 53 -: column h struck; sub (taken by 7)
   h = 59 -: column h struck; base (taken by 5)
   h = 61 -: column h struck; base (taken by 5)
   h = 67 -: column h struck; sub (taken by 7)
   h = 71 -: column h struck; base (taken by 5)
   h = 73 -: column h struck; high (taken by 13)
   h = 79 -: column h struck; base (taken by 5)
   h = 83 -: column h struck; sub (taken by 7)
   h = 89 -: column h struck; base (taken by 5)
   h = 97 -: column h struck; sub (taken by 7)
   h = 101 -: column h struck; base (taken by 5)

q = 499: base [2, 3, 5, 7], sub non-base [11, 13, 17, 19], high gears above 22; E = 119699
   h = 23 +: column h twin; high (taken by 293)
   h = 29 +: column h struck; base (taken by 5)
   h = 31 +: column h struck; base (taken by 5)
   h = 37 +: column h struck; pass
   h = 41 +: column h struck; base (taken by 5)
   h = 43 +: column h struck; base (taken by 7)
   h = 47 +: column h twin; pass
   h = 53 +: column h struck; high (taken by 257)
   h = 59 +: column h struck; base (taken by 5)
   h = 61 +: column h struck; base (taken by 5)
   h = 67 +: column h struck; high (taken by 83)
   h = 71 +: column h struck; base (taken by 5)
   h = 73 +: column h struck; sub (taken by 17)
   h = 79 +: column h struck; base (taken by 5)
   h = 83 +: column h struck; base (taken by 7)
   h = 89 +: column h struck; base (taken by 5)
   h = 97 +: column h struck; base (taken by 7)
   h = 101 +: column h struck; base (taken by 5)
   h = 103 +: column h twin; high (taken by 79)
   h = 107 +: column h twin; sub (taken by 13)
   h = 109 +: column h struck; base (taken by 5)
   h = 113 +: column h struck; base (taken by 7)
   h = 127 +: column h struck; base (taken by 7)
   h = 131 +: column h struck; base (taken by 5)
   h = 137 +: column h twin; sub (taken by 13)
   h = 139 +: column h struck; base (taken by 5)
   h = 149 +: column h struck; base (taken by 5)
   h = 151 +: column h struck; base (taken by 5)
   h = 157 +: column h struck; high (taken by 223)
   h = 163 +: column h struck; sub (taken by 13)
   h = 167 +: column h struck; base (taken by 7)
   h = 173 +: column h struck; pass
   h = 179 +: column h struck; base (taken by 5)
   h = 181 +: column h struck; base (taken by 5)
   h = 191 +: column h struck; base (taken by 5)
   h = 193 +: column h struck; sub (taken by 11)
   h = 197 +: column h struck; base (taken by 7)
   h = 199 +: column h struck; base (taken by 5)
   h = 211 +: column h struck; base (taken by 5)
   h = 223 +: column h struck; base (taken by 7)
   h = 227 +: column h struck; pass
   h = 229 +: column h struck; base (taken by 5)
   h = 233 +: column h struck; sub (taken by 11)
   h = 239 +: column h struck; base (taken by 5)
   h = 241 +: column h struck; base (taken by 5)
   h = 251 +: column h struck; base (taken by 5)
   h = 257 +: column h struck; high (taken by 31)
   h = 263 +: column h struck; sub (taken by 13)
   h = 269 +: column h struck; base (taken by 5)
   h = 271 +: column h struck; base (taken by 5)
   h = 277 +: column h struck; sub (taken by 11)
   h = 281 +: column h struck; base (taken by 5)
   h = 283 +: column h twin; sub (taken by 17)
   h = 293 +: column h struck; base (taken by 7)
   h = 307 +: column h struck; base (taken by 7)
   h = 311 +: column h struck; base (taken by 5)
   h = 313 +: column h twin; pass
   h = 317 +: column h struck; sub (taken by 17)
   h = 331 +: column h struck; base (taken by 5)
   h = 337 +: column h struck; base (taken by 7)
   h = 347 +: column h twin; sub (taken by 11)
   h = 349 +: column h struck; base (taken by 5)
   h = 353 +: column h struck; high (taken by 43)
   h = 359 +: column h struck; base (taken by 5)
   h = 367 +: column h struck; sub (taken by 13)
   h = 373 +: column h twin; high (taken by 61)
   h = 379 +: column h struck; base (taken by 5)
   h = 383 +: column h struck; sub (taken by 19)
   h = 389 +: column h struck; base (taken by 5)
   h = 397 +: column h twin; sub (taken by 13)
   h = 401 +: column h struck; base (taken by 5)
   h = 409 +: column h struck; base (taken by 5)
   h = 419 +: column h struck; base (taken by 5)
   h = 421 +: column h struck; base (taken by 5)
   h = 431 +: column h struck; base (taken by 5)
   h = 433 +: column h struck; base (taken by 7)
   h = 439 +: column h struck; base (taken by 5)
   h = 443 +: column h twin; high (taken by 31)
   h = 449 +: column h struck; base (taken by 5)
   h = 457 +: column h struck; sub (taken by 11)
   h = 461 +: column h struck; base (taken by 5)
   h = 463 +: column h struck; base (taken by 7)
   h = 467 +: column h twin; pass
   h = 479 +: column h struck; base (taken by 5)
   h = 487 +: column h struck; sub (taken by 17)
   h = 491 +: column h struck; base (taken by 5)
   h = 499 +: column h struck; base (taken by 5)
   h = 23 -: column h twin; sub (taken by 13)
   h = 29 -: column h struck; base (taken by 5)
   h = 31 -: column h struck; base (taken by 5)
   h = 37 -: column h struck; high (taken by 157)
   h = 41 -: column h struck; base (taken by 5)
   h = 43 -: column h struck; base (taken by 7)
   h = 47 -: column h twin; pass
   h = 53 -: column h struck; sub (taken by 11)
   h = 59 -: column h struck; base (taken by 5)
   h = 61 -: column h struck; base (taken by 5)
   h = 67 -: column h struck; pass
   h = 71 -: column h struck; base (taken by 5)
   h = 73 -: column h struck; sub (taken by 19)
   h = 79 -: column h struck; base (taken by 5)
   h = 83 -: column h struck; base (taken by 7)
   h = 89 -: column h struck; base (taken by 5)
   h = 97 -: column h struck; base (taken by 7)
   h = 101 -: column h struck; base (taken by 5)
   h = 103 -: column h twin; high (taken by 193)
   h = 107 -: column h twin; high (taken by 67)
   h = 109 -: column h struck; base (taken by 5)
   h = 113 -: column h struck; base (taken by 7)
   h = 127 -: column h struck; base (taken by 7)
   h = 131 -: column h struck; base (taken by 5)
   h = 137 -: column h twin; sub (taken by 11)
   h = 139 -: column h struck; base (taken by 5)
   h = 149 -: column h struck; base (taken by 5)
   h = 151 -: column h struck; base (taken by 5)
   h = 157 -: column h struck; high (taken by 103)
   h = 163 -: column h struck; sub (taken by 11)
   h = 167 -: column h struck; base (taken by 7)
   h = 173 -: column h struck; high (taken by 107)
   h = 179 -: column h struck; base (taken by 5)
   h = 181 -: column h struck; base (taken by 5)
   h = 191 -: column h struck; base (taken by 5)
   h = 193 -: column h struck; sub (taken by 17)
   h = 197 -: column h struck; base (taken by 7)
   h = 199 -: column h struck; base (taken by 5)
   h = 211 -: column h struck; base (taken by 5)
   h = 223 -: column h struck; base (taken by 7)
   h = 227 -: column h struck; sub (taken by 13)
   h = 229 -: column h struck; base (taken by 5)
   h = 233 -: column h struck; sub (taken by 17)
   h = 239 -: column h struck; base (taken by 5)
   h = 241 -: column h struck; base (taken by 5)
   h = 251 -: column h struck; base (taken by 5)
   h = 257 -: column h struck; sub (taken by 13)
   h = 263 -: column h struck; sub (taken by 19)
   h = 269 -: column h struck; base (taken by 5)
   h = 271 -: column h struck; base (taken by 5)
   h = 277 -: column h struck; high (taken by 41)
   h = 281 -: column h struck; base (taken by 5)
   h = 283 -: column h twin; sub (taken by 13)
   h = 293 -: column h struck; base (taken by 7)
   h = 307 -: column h struck; base (taken by 7)
   h = 311 -: column h struck; base (taken by 5)
   h = 313 -: column h twin; sub (taken by 11)
   h = 317 -: column h struck; sub (taken by 11)
   h = 331 -: column h struck; base (taken by 5)
   h = 337 -: column h struck; base (taken by 7)
   h = 347 -: column h twin; pass
   h = 349 -: column h struck; base (taken by 5)
   h = 353 -: column h struck; high (taken by 31)
   h = 359 -: column h struck; base (taken by 5)
   h = 367 -: column h struck; pass
   h = 373 -: column h twin; high (taken by 23)
   h = 379 -: column h struck; base (taken by 5)
   h = 383 -: column h struck; sub (taken by 11)
   h = 389 -: column h struck; base (taken by 5)
   h = 397 -: column h twin; sub (taken by 17)
   h = 401 -: column h struck; base (taken by 5)
   h = 409 -: column h struck; base (taken by 5)
   h = 419 -: column h struck; base (taken by 5)
   h = 421 -: column h struck; base (taken by 5)
   h = 431 -: column h struck; base (taken by 5)
   h = 433 -: column h struck; base (taken by 7)
   h = 439 -: column h struck; base (taken by 5)
   h = 443 -: column h twin; pass
   h = 449 -: column h struck; base (taken by 5)
   h = 457 -: column h struck; high (taken by 29)
   h = 461 -: column h struck; base (taken by 5)
   h = 463 -: column h struck; base (taken by 7)
   h = 467 -: column h twin; sub (taken by 11)
   h = 479 -: column h struck; base (taken by 5)
   h = 487 -: column h struck; sub (taken by 13)
   h = 491 -: column h struck; base (taken by 5)
   h = 499 -: column h struck; base (taken by 5)