Approach A: exclude the dangerous field types at the final step, then pick the axis.

From the primorial spiral's landing E the final flip about {3, h} lands at E + 6dh (d = +-1).
Exclusions by type, none of them using E's residues on the gear:
  1. base gears (E = -1 mod g, g >= 5): they bite the landing iff they bite column h itself
     (kernel landing_open_base_iff), so drop every h whose own column (6h - 1, 6h + 1) is painted
     by a base gear;
  2. the axis gear h itself: it bites iff h | E or h | E + 2 (kernel own_landing_iff); drop those.
What remains is then charged to the two E-placed types: a gear above sqrt q (products:2 or :3
only) or a gear at most sqrt q outside the base (products:2 and up); or it passes (twin).

usage: uv run python research/stack/r8/final_step_types.py 2000

    q        E  cand  aft1 aft12 pass by>sqrt by<=sqrt  first pass  (col-twin h among aft12: n, pass)
   11       23     3     3     2    0       2        0  None        (1, 0)
   13       47     5     5     4    1       3        0  (5, '-')    (2, 1)
   17      155    10    10     8    1       7        0  (7, '+')    (4, 1)
   19       71     8     8     8    5       3        0  (5, '+')    (5, 3)
   23      203    14    14    10    4       6        0  (11, '+')   (4, 1)
   29      143    11    11     6    3       1        2  (23, '+')   (5, 3)
   31      227    16    16    16    3       5        8  (7, '+')    (6, 1)
   37      215    16    16    13    5       5        3  (11, '+')   (4, 0)
   41      275    19    19    17    5       7        5  (31, '+')   (6, 1)
   43      239    19    19    19    5       5        9  (7, '+')    (6, 4)
   47      323    23    23    17    6       6        5  (23, '+')   (5, 2)
   53      311    21    21    21    3       6       12  (43, '+')   (5, 0)
   59      395    25    25    25    7       3       15  (11, '+')   (6, 0)
   61     1979    28    14    14    5       6        3  (17, '+')   (6, 3)
   67     2039    30    16    14    2       6        6  (17, '+')   (6, 1)
   71     2219    32    16    16    3      10        3  (13, '-')   (6, 1)
   73     2159    34    18    16    5       5        6  (13, '+')   (4, 1)
   79     2579    36    18    18    3       8        7  (13, '+')   (6, 0)
   83     2399    38    20    20    5      12        3  (43, '+')   (6, 0)
   89     2939    40    20    18    3       9        6  (53, '+')   (4, 2)
   97     2879    42    22    18    4       8        6  (97, '+')   (6, 0)
  101     3179    44    22    20    3      10        7  (13, '+')   (4, 1)
  103     2999    46    24    24    3      13        8  (43, '+')   (8, 1)
  107     3419    48    26    24    5      10        9  (23, '+')   (10, 2)
  109     3119    50    26    26    3      15        8  (23, '+')   (10, 1)
  113     3659    52    28    28    7      16        5  (43, '+')   (10, 1)
  127     3959    52    30    24    7       5       12  (43, '+')   (6, 2)
  131     3899    54    30    26   10       9        7  (17, '+')   (8, 3)
  137     4319    56    32    32    9      15        8  (17, '+')   (12, 2)
  139     4019    58    32    32    9       9       14  (23, '+')   (12, 3)
  149     4919    60    32    30   11      12        7  (17, '+')   (12, 3)
  151     4139    62    32    32   10       9       13  (13, '+')   (12, 3)
  157     5279    64    34    34    6      13       15  (23, '+')   (12, 2)
  163     4499    66    36    36   11      17        8  (23, '+')   (12, 2)
  167     5519    68    38    38    7      14       17  (23, '+')   (12, 2)
  173     4859    68    38    34   10       8       16  (97, '+')   (12, 5)
  179     5879    70    38    38    6      11       21  (53, '+')   (12, 2)
  181     4979    72    38    36   10      10       16  (73, '+')   (10, 2)
  191     6479    74    38    38    8      11       19  (37, '+')   (12, 3)
  193     5099    76    40    40    8      12       20  (53, '+')   (12, 2)
  197     6719    78    42    40    3      18       19  (173, '+')  (10, 0)
  199     5219    80    42    38    9      11       18  (37, '+')   (8, 1)
  211     7439    82    42    38    4      17       17  (53, '+')   (12, 0)
  223     5939    84    44    44    6      14       24  (43, '+')   (12, 2)
  227     7679    86    46    46    5      22       19  (193, '+')  (12, 0)
  229     6059    88    46    42    9      10       23  (23, '+')   (12, 4)
  233     7919    90    48    48    5      13       30  (103, '+')  (12, 1)
  239     6419    92    48    48   10      15       23  (47, '+')   (12, 1)
  241     8039    94    48    44    7      15       22  (83, '+')   (10, 2)
  251     7019    96    48    46    5      16       25  (73, '+')   (10, 1)
  257     8399    98    50    46    7      15       24  (23, '+')   (12, 3)
  263     7379   100    52    48    5      15       28  (83, '+')   (10, 1)
  269     8759   102    52    52    7      17       28  (17, '+')   (12, 2)
  271     7499   104    52    52    5      19       28  (43, '+')   (12, 0)
  277     9119   106    54    54    9      26       19  (37, '+')   (12, 1)
  281     7739   108    54    54    6      17       31  (23, '+')   (12, 2)
  283     9239   110    56    56    8      20       28  (17, '+')   (14, 4)
  293     8339   110    56    56    8      16       32  (43, '+')   (12, 1)
  307    10079   112    58    58   10      14       34  (37, '+')   (12, 3)
  311     8579   114    58    56    4      16       36  (43, '+')   (10, 2)
  313    10199   116    60    58    8      23       27  (43, '+')   (12, 0)
  317     8819   118    62    62    8      12       42  (37, '+')   (14, 3)
  331    11039   120    62    60   11      21       28  (113, '+')  (14, 2)
  337     9179   122    64    60   10      11       39  (43, '+')   (12, 4)
  347    11639   124    66    62   11      21       30  (23, '+')   (14, 3)
  349     9299   126    66    66    9      20       37  (23, '+')   (16, 1)
  353    11879   128    68    68   15      18       35  (47, '+')   (16, 3)
  359     9659   130    68    68    8      25       35  (107, '+')  (16, 3)
  367    12359   130    70    66   11      13       42  (107, '+')  (14, 2)
  373    10019   132    72    68   11      18       39  (47, '+')   (18, 2)
  379    12719   134    72    70   14      16       40  (47, '+')   (16, 2)
  383    10259   136    74    74   10      14       50  (113, '+')  (18, 1)
  389    13079   138    74    70   11      18       41  (23, '+')   (16, 3)
  397    10739   140    76    74   11      20       43  (53, '+')   (18, 4)
  401    13319   142    76    74   14      27       33  (67, '+')   (20, 1)
  409    11219   144    76    76   14      24       38  (83, '+')   (20, 5)
  419    13919   146    76    76    9      14       53  (67, '+')   (20, 2)
  421    76439   148    54    54    9      23       22  (137, '+')  (20, 5)
  431   104579   150    54    52   10      20       22  (37, '+')   (18, 5)
  433    77279   152    54    54    7      22       25  (23, '+')   (20, 3)
  439   107099   154    54    54    9      22       23  (103, '+')  (20, 3)
  443    78959   156    56    54    8      18       28  (73, '+')   (20, 4)
  449   109619   158    56    56    4      23       29  (37, '+')   (22, 1)
  457    82319   160    58    54   10      18       26  (67, '+')   (20, 3)
  461   111299   162    58    58    6      21       31  (173, '+')  (22, 3)
  463    83159   164    58    56   12      22       22  (67, '+')   (20, 4)
  467   112979   166    60    60    9      30       21  (67, '+')   (24, 6)
  479    88199   168    60    56   10      23       23  (23, '+')   (24, 6)
  487   116339   170    62    58   10      23       25  (193, '+')  (24, 2)
  491    89879   172    62    62   13      22       27  (23, '+')   (24, 6)
  499   119699   174    62    62   11      18       33  (37, '+')   (24, 6)
  503    91559   176    62    62   11      29       22  (103, '+')  (24, 2)
  509   122219   178    62    62   12      24       26  (47, '+')   (24, 5)
  521    96599   180    62    62   10      24       28  (23, '+')   (24, 4)
  523   123059   182    64    64    4      28       32  (53, '+')   (24, 0)
  541   104159   182    62    62   10      26       26  (37, '+')   (22, 5)
  547   125579   184    62    62    6      21       35  (53, '+')   (22, 2)
  557   108359   186    64    64    8      26       30  (193, '+')  (22, 4)
  563   128099   188    66    64    6      20       38  (233, '+')  (22, 1)
  569   110879   190    66    66    8      26       32  (313, '+')  (22, 3)
  571   128939   192    66    66    5      23       38  (47, '+')   (22, 3)
  577   113399   194    68    68   12      28       28  (37, '+')   (24, 3)
  587   133139   196    68    68   10      24       34  (67, '+')   (24, 4)
  593   115919   198    70    68   11      21       36  (103, '+')  (26, 6)
  599   135659   200    70    70   12      24       34  (53, '+')   (26, 6)
  601   116759   202    70    68   10      22       36  (47, '+')   (26, 2)
  607   138179   204    72    72    9      27       36  (37, '+')   (26, 4)
  613   119279   206    74    74   12      23       39  (107, '+')  (26, 3)
  617   139859   208    74    74   10      27       37  (137, '+')  (26, 3)
  619   120119   210    74    74    9      23       42  (103, '+')  (26, 7)
  631   144899   212    74    72    9      27       36  (137, '+')  (24, 3)
  641   124319   214    74    70    7      27       36  (37, '+')   (24, 0)
  643   145739   216    74    74    9      29       36  (47, '+')   (26, 3)
  647   125999   218    76    74    8      27       39  (367, '+')  (26, 4)
  653   148259   220    78    74   10      23       41  (193, '+')  (28, 3)
  659   128519   222    78    78    6      35       37  (163, '+')  (28, 2)
  661   149099   224    78    78    9      24       45  (53, '+')   (28, 3)
  673   133559   226    78    78    8      31       39  (227, '+')  (28, 4)
  677   150779   228    80    80    9      27       44  (193, '+')  (28, 0)
  683   136079   230    82    82    9      33       40  (53, '+')   (28, 2)
  691   154139   232    82    82   14      29       39  (157, '+')  (28, 7)
  701   140279   234    82    82   13      25       44  (67, '+')   (28, 4)
  709   157499   236    82    82   11      26       45  (107, '+')  (28, 4)
  719   144479   238    82    82   11      27       44  (257, '+')  (28, 3)
  727   160859   240    82    82    5      37       40  (367, '+')  (28, 1)
  733   146999   242    84    80    7      29       44  (563, '+')  (26, 1)
  739   163379   244    84    84    8      36       40  (487, '+')  (28, 1)
  743   148679   246    84    82   12      32       38  (193, '+')  (28, 6)
  751   166739   248    84    84    8      33       43  (47, '+')   (28, 2)
  757   151199   250    84    82    9      37       36  (233, '+')  (26, 2)
  761   168419   252    84    84   11      36       37  (137, '+')  (28, 3)
  769   154559   254    84    84   16      31       37  (107, '+')  (28, 8)
  773   170099   256    86    86   11      31       44  (73, '+')   (30, 3)
  787   160439   258    88    88    8      36       44  (73, '+')   (32, 4)
  797   174299   260    88    88   11      33       44  (277, '+')  (32, 4)
  809   165479   262    88    88   10      34       44  (37, '+')   (32, 6)
  811   175139   264    88    88   11      28       49  (103, '+')  (32, 4)
  821   169679   266    88    88   13      29       46  (233, '+')  (32, 3)
  823   175979   268    90    90   12      36       42  (73, '+')   (32, 6)
  827   171359   270    90    90   10      33       47  (67, '+')   (32, 5)
  829   176819   272    90    90   10      34       46  (157, '+')  (32, 3)
  839   175559   274    90    90   12      35       43  (37, '+')   (32, 0)
  853   182699   274    90    90   18      29       43  (103, '+')  (32, 6)
  857   177239   276    92    92   13      33       46  (73, '+')   (32, 6)
  859   183539   278    92    90   13      30       47  (37, '+')   (32, 3)
  863   178919   280    94    94   11      31       52  (163, '+')  (32, 3)
  877   189419   282    96    96   11      35       50  (193, '+')  (32, 6)
  881   180599   284    96    92    8      28       56  (67, '+')   (28, 1)
  883   190259   286    96    96   17      30       49  (53, '+')   (32, 4)
  887   182279   288    98    94   12      38       44  (173, '+')  (32, 3)
  907   198659   290   100    96   12      30       54  (47, '+')   (32, 4)
  911   183959   292   100   100   12      30       58  (157, '+')  (34, 3)
  919   202019   294   100   100   13      33       54  (103, '+')  (34, 5)
  929   188159   296   100   100   10      37       53  (523, '+')  (34, 3)
  937   205379   298   100   100    6      40       54  (47, '+')   (34, 2)
  941   189839   300   100   100   15      39       46  (443, '+')  (34, 3)
  947   207899   302   102    98    3      38       57  (373, '-')  (32, 2)
  953   192359   304   102   102   13      36       53  (37, '+')   (34, 5)
  967   213779   304   102    98   12      31       55  (227, '+')  (32, 3)
  971   194039   306   102   102   16      26       60  (107, '+')  (34, 9)
  977   216299   308   104   100   12      27       61  (103, '+')  (34, 3)
  983   196559   310   106   104   19      29       56  (137, '+')  (32, 8)
  991   219659   312   106   104   20      33       51  (47, '+')   (34, 7)
  997   199079   314   108   104   12      23       69  (457, '+')  (34, 7)
 1009   224699   316   108   106   15      32       59  (107, '+')  (34, 4)
 1013   200759   318   110   110   16      39       55  (107, '+')  (34, 6)
 1019   227219   320   110   110   15      36       59  (163, '+')  (34, 2)
 1021   201599   322   110   110   11      25       74  (37, '+')   (34, 1)
 1031   231419   324   110   110    8      35       67  (67, '+')   (34, 2)
 1033   202439   326   112   112    9      30       73  (73, '+')   (36, 1)
 1039   233939   328   112   112   11      33       68  (67, '+')   (36, 1)
 1049   206639   330   112   112    6      39       67  (193, '+')  (36, 0)
 1051   234779   332   112   108   13      29       66  (283, '+')  (36, 3)
 1061   210839   334   112   110   14      33       63  (37, '+')   (34, 4)
 1063   235619   336   112   112   14      31       67  (227, '+')  (36, 5)
 1069   213359   338   112   112    8      32       72  (193, '+')  (36, 3)
 1087   243179   340   114   114   18      33       63  (37, '+')   (36, 5)
 1091   215039   342   114   112   15      33       64  (157, '+')  (36, 5)
 1093   244019   344   114   114   17      30       67  (47, '+')   (36, 7)
 1097   216719   346   116   116   14      36       66  (47, '+')   (36, 6)
 1103   246539   348   118   118   15      37       66  (263, '+')  (36, 6)
 1109   219239   350   118   118   18      35       65  (73, '+')   (36, 6)
 1117   249899   352   120   118   10      48       60  (193, '+')  (36, 3)
 1123   221759   354   122   120   15      32       73  (47, '+')   (36, 5)
 1129   252419   356   122   122    9      49       64  (907, '+')  (38, 2)
 1151   230999   358   122   122   13      44       65  (137, '+')  (38, 4)
 1153   253259   360   124   124   11      39       74  (443, '+')  (38, 3)
 1163   235199   362   124   124   11      34       79  (443, '+')  (38, 3)
 1171   256619   364   124   124    5      55       64  (47, '+')   (38, 4)
 1181   239399   366   124   122   14      36       72  (107, '+')  (38, 5)
 1187   259139   368   126   124    7      44       73  (107, '+')  (36, 4)
 1193   241919   370   128   128   20      33       75  (373, '+')  (38, 7)
 1201   262499   372   128   128    8      49       71  (47, '+')   (38, 3)
 1213   246959   374   130   126   19      52       55  (107, '+')  (38, 7)
 1217   264179   376   130   128   15      40       73  (193, '+')  (38, 3)
 1223   249479   378   132   128   12      50       66  (263, '+')  (36, 4)
 1229   266699   380   132   132   17      40       75  (137, '+')  (38, 4)
 1231   250319   382   132   128   10      45       73  (157, '+')  (38, 2)
 1237   269219   384   134   134   15      38       81  (257, '+')  (38, 4)
 1249   255359   386   134   134    8      56       70  (227, '+')  (38, 1)
 1259   273419   388   134   134   17      35       82  (37, '+')   (38, 2)
 1277   262919   390   136   130    7      41       82  (593, '+')  (36, 3)
 1279   274259   392   136   134   18      46       70  (277, '+')  (38, 5)
 1283   264599   394   138   138   16      45       77  (157, '+')  (38, 7)
 1289   276779   396   138   138   15      43       80  (53, '+')   (38, 4)
 1291   265439   398   138   138   15      50       73  (107, '+')  (38, 6)
 1297   279299   400   140   140   17      49       74  (173, '+')  (38, 4)
 1301   267119   402   140   140   21      42       77  (47, '+')   (38, 7)
 1303   280139   404   140   136   11      43       82  (263, '+')  (38, 3)
 1307   268799   406   142   142   12      55       75  (277, '+')  (38, 3)
 1319   285179   408   142   142   14      49       79  (227, '+')  (38, 6)
 1321   269639   410   142   140   16      39       85  (137, '+')  (36, 6)
 1327   287699   412   144   142   15      47       80  (257, '+')  (38, 2)
 1361   283919   414   144   140   16      46       78  (137, '+')  (38, 5)
 1367   290219   416   146   146   14      42       90  (37, '+')   (38, 2)
 1373   286439   416   144   142   13      33       96  (103, '+')  (36, 6)
 1381   293579   418   144   142   18      50       74  (47, '+')   (38, 2)
 1399   293999   420   144   144   11      48       85  (53, '+')   (38, 3)
 1409   297779   422   144   142   21      48       73  (163, '+')  (36, 6)
 1423   299879   424   146   146   12      43       91  (73, '+')   (40, 3)
 1427   299459   426   146   142   12      42       88  (173, '+')  (38, 6)
 1429   300719   428   146   146   11      41       94  (107, '+')  (40, 3)
 1433   301139   430   148   148   13      46       89  (73, '+')   (42, 5)
 1439   303239   432   148   144   16      41       87  (277, '+')  (42, 5)
 1447   304499   434   150   148   16      53       79  (67, '+')   (40, 3)
 1451   304919   436   150   148   15      39       94  (137, '+')  (42, 5)
 1453   305339   438   152   152   14      47       91  (67, '+')   (42, 1)
 1459   307439   440   152   152   22      53       77  (347, '+')  (42, 5)
 1471   310379   442   152   152   14      43       95  (193, '+')  (42, 4)
 1481   311639   444   152   152   17      52       83  (107, '+')  (42, 2)
 1483   311219   446   152   152   20      46       86  (53, '+')   (42, 6)
 1487   313319   448   154   152   17      43       92  (53, '+')   (40, 4)
 1489   312059   450   154   150   18      53       79  (103, '+')  (40, 6)
 1493   314999   452   156   156   21      42       93  (277, '+')  (42, 9)
 1499   314579   454   156   156   17      45       94  (277, '+')  (42, 4)
 1511   320039   456   156   156   26      36       94  (103, '+')  (42, 5)
 1523   319619   458   158   156   23      36       97  (103, '+')  (40, 5)
 1531   323399   460   158   158   27      48       83  (67, '+')   (42, 7)
 1543   324659   462   160   160   23      41       96  (53, '+')   (42, 6)
 1549   325919   464   160   160   22      51       87  (103, '+')  (42, 5)
 1553   326339   466   160   160   21      47       92  (53, '+')   (42, 5)
 1559   328439   468   160   158   21      43       94  (107, '+')  (42, 9)
 1567   329699   470   160   156   25      45       86  (53, '+')   (42, 8)
 1571   330119   472   160   160   21      59       80  (313, '+')  (42, 7)
 1579   333059   474   160   160   13      51       96  (227, '+')  (42, 1)
 1583   331799   476   160   160   14      56       90  (67, '+')   (42, 1)
 1597   338939   478   160   158   15      48       95  (233, '+')  (42, 3)
 1601   333479   480   160   160   16      51       93  (157, '+')  (42, 2)
 1607   341459   482   162   162   12      47      103  (137, '+')  (42, 4)
 1609   334319   484   162   162   15      58       89  (317, '+')  (42, 2)
 1613   343139   486   164   164   14      51       99  (257, '+')  (44, 5)
 1619   336839   488   164   164   12      56       96  (73, '+')   (44, 4)
 1621   343979   490   164   164   13      52       99  (163, '+')  (44, 5)
 1627   339359   492   166   164   17      66       81  (163, '+')  (44, 4)
 1637   348179   494   166   166   15      60       91  (47, '+')   (44, 6)
 1657   347759   496   168   168   17      45      106  (193, '+')  (44, 7)
 1663   350699   498   170   168   19      54       95  (47, '+')   (44, 7)
 1667   349439   500   170   170   16      55       99  (257, '+')  (44, 4)
 1669   351539   502   170   168   20      38      110  (157, '+')  (42, 5)
 1693   359519   502   170   162   15      44      103  (283, '+')  (44, 9)
 1697   353219   504   172   170   22      52       96  (137, '+')  (44, 6)
 1699   360359   506   172   170   17      45      108  (103, '+')  (44, 7)
 1709   357419   508   172   172   16      48      108  (53, '+')   (44, 4)
 1721   365399   510   172   172   19      41      112  (73, '+')   (44, 3)
 1723   358259   512   172   172   19      53      100  (103, '+')  (44, 5)
 1733   369599   514   174   172   14      53      105  (137, '+')  (44, 3)
 1741   361619   516   174   172   20      47      105  (47, '+')   (44, 5)
 1747   372119   518   176   176   14      59      103  (137, '+')  (44, 5)
 1753   364139   520   178   178   18      47      113  (67, '+')   (44, 4)
 1759   374639   522   178   178   11      49      118  (103, '+')  (44, 5)
 1777   371699   524   178   178   17      50      111  (277, '+')  (44, 1)
 1783   377159   526   180   178   17      51      110  (67, '+')   (42, 3)
 1787   373379   528   182   182   12      55      115  (313, '+')  (44, 3)
 1789   377999   530   182   182   16      52      114  (137, '+')  (44, 4)
 1801   378419   532   182   182   14      63      105  (67, '+')   (44, 1)
 1811   382199   534   182   182   17      56      109  (577, '+')  (44, 8)
 1823   383459   536   184   184   16      58      110  (367, '+')  (46, 7)
 1831   385559   538   184   184   20      59      105  (137, '+')  (46, 5)
 1847   390179   540   184   184   21      55      108  (173, '+')  (46, 7)
 1861   391439   540   184   184   18      45      121  (137, '+')  (46, 3)
 1867   392699   542   186   186   16      52      118  (47, '+')   (46, 3)
 1871   393119   544   186   186   18      43      125  (47, '+')   (46, 8)
 1873   393539   546   188   188   14      50      124  (53, '+')   (46, 4)
 1877   394799   548   188   186   24      60      102  (233, '+')  (44, 2)
 1879   394379   550   188   188   26      45      117  (73, '+')   (46, 4)
 1889   398999   552   188   188   19      47      122  (47, '+')   (46, 5)
 1901   399419   554   188   188   27      44      117  (353, '+')  (46, 5)
 1907   401519   556   190   188   21      40      127  (73, '+')   (44, 11)
 1913   401939   558   192   192   24      43      125  (47, '+')   (46, 10)
 1931   409079   560   192   192   26      52      114  (173, '+')  (46, 4)
 1933   402779   562   192   192   27      62      103  (47, '+')   (46, 6)
 1949   415799   564   192   192   21      45      126  (103, '+')  (46, 7)
 1951   403619   566   192   192   20      41      131  (227, '+')  (46, 5)
 1973   425039   568   192   192   26      46      120  (67, '+')   (46, 11)
 1979   406139   570   192   190   22      44      124  (73, '+')   (46, 5)
 1987   428399   572   192   188   19      33      136  (313, '+')  (44, 5)
 1993   408659   574   194   192   23      59      110  (563, '+')  (46, 5)
 1997   430079   576   196   196   22      52      122  (103, '+')  (46, 6)
 1999   409499   578   196   192   20      47      125  (103, '+')  (44, 4)

totals: candidates 86396, after exclusion 1 (column h painted by a base gear) 30710, after 2 (h divides E or E+2) 30390, pass 3639; taken by a gear above sqrt q 9593, by a gear at most sqrt q outside the base 17158
h whose own column is a twin, among the survivors of 1 and 2: 8703, of which pass 1076
machines with no passing h: [11]