The stack with one mirror per layer (owner, 2026-09-15).

Gear selection as the spiral: base = lowest gears with product P at most q/2; layers = the other
gears g.  Layer g: the sieve of g from the origin up to its axis a = P g, mirrored once about the
axis onto [a, 2a]; the layer ends at its landing 2 P g - 1.  No cycling past the landing.
Slot line: the twin slots (6j - 1, 6j + 1).  Stack = all layers over each other.  Holes = slots
no layer marks.  A hole is a twin or not; a hole that is not a twin is struck by a gear whose
layer has already ended (or by a gear above q... none inside the window by the square-root
rule).  Parts of the stack = the spans between consecutive landings.  Per machine: the picture
(small q), and per span: holes, true holes (twins), false holes.

usage: uv run python research/stack/r8/stack_one_mirror.py 31 37 101 499 997 1999

q = 31: base [2, 3] (P = 6); layers [5, 7, 11, 13, 17, 19, 23, 29, 31]; landings [59, 83, 131, 155, 203, 227, 275, 347, 371]; slot line j = 6..61 (to the last landing 371, window top 961)
    slot j 67890123456789012345678901234567890123456789012345678901
    gear 5 #..#L                                                   
    gear 7 #.#....#L                                               
   gear 11 ...#...#......#.L                                       
   gear 13 .....#...#........#.L                                   
   gear 17 ........#.....#..........#..L                           
   gear 19 ..........#.....#............#..L                       
   gear 23 .............#.......#..............#...L               
   gear 29 ..................#.........#..................#....L   
   gear 31 ....................#.........#....................#....
     stack #.##.#.####..##.#.#.##...#..###.....#..........#...#....
     holes  T  T T    TT  f T T  ffT TT   fTfTf ffTfTffffT fff Tfff   T = hole and twin, f = hole not a twin
   spans between landings: (span, from, to, layers ending at 'to', slots, twins in span, holes, true holes, false holes)
   (0, 35, 59, 5, 4, 2, 2, 2, 0)
   (1, 59, 83, 7, 4, 1, 1, 1, 0)
   (2, 83, 131, 11, 8, 2, 3, 2, 1)
   (3, 131, 155, 13, 4, 2, 2, 2, 0)
   (4, 155, 203, 17, 8, 3, 5, 3, 2)
   (5, 203, 227, 19, 4, 1, 2, 1, 1)
   (6, 227, 275, 23, 8, 2, 7, 2, 5)
   (7, 275, 347, 29, 12, 3, 10, 3, 7)
   (8, 347, 371, 31, 3, 0, 3, 0, 3)

q = 37: base [2, 3] (P = 6); layers [5, 7, 11, 13, 17, 19, 23, 29, 31, 37]; landings [59, 83, 131, 155, 203, 227, 275, 347, 371, 443]; slot line j = 7..73 (to the last landing 443, window top 1369)
    slot j 7890123456789012345678901234567890123456789012345678901234567890123
    gear 5 ..#L                                                               
    gear 7 .#....#L                                                           
   gear 11 ..#...#......#.L                                                   
   gear 13 ....#...#........#.L                                               
   gear 17 .......#.....#..........#..L                                       
   gear 19 .........#.....#............#..L                                   
   gear 23 ............#.......#..............#...L                           
   gear 29 .................#.........#..................#....L               
   gear 31 ...................#.........#....................#....L           
   gear 37 ........................#...........#........................#.....
     stack .##.#.####..##.#.#.##...#..###.....##.........#...#..........#.....
     holes T  T T    TT  f T T  ffT TT   fTfTf  fTfTffffT fff Tfffffffff fTfTf   T = hole and twin, f = hole not a twin
   spans between landings: (span, from, to, layers ending at 'to', slots, twins in span, holes, true holes, false holes)
   (0, 41, 59, 5, 3, 1, 1, 1, 0)
   (1, 59, 83, 7, 4, 1, 1, 1, 0)
   (2, 83, 131, 11, 8, 2, 3, 2, 1)
   (3, 131, 155, 13, 4, 2, 2, 2, 0)
   (4, 155, 203, 17, 8, 3, 5, 3, 2)
   (5, 203, 227, 19, 4, 1, 2, 1, 1)
   (6, 227, 275, 23, 8, 2, 6, 2, 4)
   (7, 275, 347, 29, 12, 3, 10, 3, 7)
   (8, 347, 371, 31, 4, 0, 4, 0, 4)
   (9, 371, 443, 37, 11, 2, 10, 2, 8)

q = 101: base [2, 3, 5] (P = 30); layers [7, 11, 13, 17, 19, 23, 29, 31, 37, 41, 43, 47, 53, 59, 61, 67, 71, 73, 79, 83, 89, 97, 101]; landings [419, 659, 779, 1019, 1139, 1379, 1739, 1859, 2219, 2459, 2579, 2819, 3179, 3539, 3659, 4019, 4259, 4379, 4739, 4979, 5339, 5819, 6059]; slot line j = 17..1009 (to the last landing 6059, window top 10201)
   spans between landings: (span, from, to, layers ending at 'to', slots, twins in span, holes, true holes, false holes)
   (0, 101, 419, 7, 53, 13, 13, 13, 0)
   (1, 419, 659, 11, 40, 8, 8, 8, 0)
   (2, 659, 779, 13, 20, 0, 3, 0, 3)
   (3, 779, 1019, 17, 40, 6, 9, 6, 3)
   (4, 1019, 1139, 19, 20, 4, 5, 4, 1)
   (5, 1139, 1379, 23, 40, 6, 13, 6, 7)
   (6, 1379, 1739, 29, 60, 9, 21, 9, 12)
   (7, 1739, 1859, 31, 20, 1, 6, 1, 5)
   (8, 1859, 2219, 37, 60, 11, 25, 11, 14)
   (9, 2219, 2459, 41, 40, 5, 17, 5, 12)
   (10, 2459, 2579, 43, 20, 1, 7, 1, 6)
   (11, 2579, 2819, 47, 40, 7, 16, 7, 9)
   (12, 2819, 3179, 53, 60, 4, 25, 4, 21)
   (13, 3179, 3539, 59, 60, 11, 31, 11, 20)
   (14, 3539, 3659, 61, 20, 2, 7, 2, 5)
   (15, 3659, 4019, 67, 60, 8, 30, 8, 22)
   (16, 4019, 4259, 71, 40, 8, 19, 8, 11)
   (17, 4259, 4379, 73, 20, 2, 10, 2, 8)
   (18, 4379, 4739, 79, 60, 7, 33, 7, 26)
   (19, 4739, 4979, 83, 40, 4, 22, 4, 18)
   (20, 4979, 5339, 89, 60, 5, 34, 5, 29)
   (21, 5339, 5819, 97, 80, 9, 47, 9, 38)
   (22, 5819, 6059, 101, 39, 3, 22, 3, 19)

q = 499: base [2, 3, 5, 7] (P = 210); layers [11, 13, 17, 19, 23, 29, 31, 37, 41, 43, 47, 53, 59, 61, 67, 71, 73, 79, 83, 89, 97, 101, 103, 107, 109, 113, 127, 131, 137, 139, 149, 151, 157, 163, 167, 173, 179, 181, 191, 193, 197, 199, 211, 223, 227, 229, 233, 239, 241, 251, 257, 263, 269, 271, 277, 281, 283, 293, 307, 311, 313, 317, 331, 337, 347, 349, 353, 359, 367, 373, 379, 383, 389, 397, 401, 409, 419, 421, 431, 433, 439, 443, 449, 457, 461, 463, 467, 479, 487, 491, 499]; landings [4619, 5459, 7139, 7979, 9659, 12179, 13019, 15539, 17219, 18059, 19739, 22259, 24779, 25619, 28139, 29819, 30659, 33179, 34859, 37379, 40739, 42419, 43259, 44939, 45779, 47459, 53339, 55019, 57539, 58379, 62579, 63419, 65939, 68459, 70139, 72659, 75179, 76019, 80219, 81059, 82739, 83579, 88619, 93659, 95339, 96179, 97859, 100379, 101219, 105419, 107939, 110459, 112979, 113819, 116339, 118019, 118859, 123059, 128939, 130619, 131459, 133139, 139019, 141539, 145739, 146579, 148259, 150779, 154139, 156659, 159179, 160859, 163379, 166739, 168419, 171779, 175979, 176819, 181019, 181859, 184379, 186059, 188579, 191939, 193619, 194459, 196139, 201179, 204539, 206219, 209579]; slot line j = 84..34929 (to the last landing 209579, window top 249001)
   spans between landings: (span, from, to, layers ending at 'to', slots, twins in span, holes, true holes, false holes)
   (0, 503, 4619, 11, 686, 95, 95, 95, 0)
   (1, 4619, 5459, 13, 140, 14, 14, 14, 0)
   (2, 5459, 7139, 17, 280, 30, 37, 30, 7)
   (3, 7139, 7979, 19, 140, 12, 20, 12, 8)
   (4, 7979, 9659, 23, 280, 25, 44, 25, 19)
   (5, 9659, 12179, 29, 420, 39, 75, 39, 36)
   (6, 12179, 13019, 31, 140, 9, 25, 9, 16)
   (7, 13019, 15539, 37, 420, 29, 75, 29, 46)
   (8, 15539, 17219, 41, 280, 23, 60, 23, 37)
   (9, 17219, 18059, 43, 140, 18, 35, 18, 17)
   (10, 18059, 19739, 47, 280, 19, 57, 19, 38)
   (11, 19739, 22259, 53, 420, 39, 106, 39, 67)
   (12, 22259, 24779, 59, 420, 30, 99, 30, 69)
   (13, 24779, 25619, 61, 140, 10, 29, 10, 19)
   (14, 25619, 28139, 67, 420, 32, 104, 32, 72)
   (15, 28139, 29819, 71, 280, 18, 64, 18, 46)
   (16, 29819, 30659, 73, 140, 9, 37, 9, 28)
   (17, 30659, 33179, 79, 420, 38, 116, 38, 78)
   (18, 33179, 34859, 83, 280, 25, 75, 25, 50)
   (19, 34859, 37379, 89, 420, 26, 116, 26, 90)
   (20, 37379, 40739, 97, 560, 34, 144, 34, 110)
   (21, 40739, 42419, 101, 280, 19, 87, 19, 68)
   (22, 42419, 43259, 103, 140, 7, 39, 7, 32)
   (23, 43259, 44939, 107, 280, 21, 79, 21, 58)
   (24, 44939, 45779, 109, 140, 6, 42, 6, 36)
   (25, 45779, 47459, 113, 280, 18, 84, 18, 66)
   (26, 47459, 53339, 127, 980, 73, 287, 73, 214)
   (27, 53339, 55019, 131, 280, 13, 88, 13, 75)
   (28, 55019, 57539, 137, 420, 31, 130, 31, 99)
   (29, 57539, 58379, 139, 140, 8, 47, 8, 39)
   (30, 58379, 62579, 149, 700, 37, 216, 37, 179)
   (31, 62579, 63419, 151, 140, 9, 46, 9, 37)
   (32, 63419, 65939, 157, 420, 27, 133, 27, 106)
   (33, 65939, 68459, 163, 420, 21, 129, 21, 108)
   (34, 68459, 70139, 167, 280, 20, 86, 20, 66)
   (35, 70139, 72659, 173, 420, 32, 142, 32, 110)
   (36, 72659, 75179, 179, 420, 20, 135, 20, 115)
   (37, 75179, 76019, 181, 140, 8, 46, 8, 38)
   (38, 76019, 80219, 191, 700, 41, 232, 41, 191)
   (39, 80219, 81059, 193, 140, 14, 47, 14, 33)
   (40, 81059, 82739, 197, 280, 19, 96, 19, 77)
   (41, 82739, 83579, 199, 140, 9, 46, 9, 37)
   (42, 83579, 88619, 211, 840, 53, 279, 53, 226)
   (43, 88619, 93659, 223, 840, 51, 280, 51, 229)
   (44, 93659, 95339, 227, 280, 21, 100, 21, 79)
   (45, 95339, 96179, 229, 140, 6, 51, 6, 45)
   (46, 96179, 97859, 233, 280, 21, 102, 21, 81)
   (47, 97859, 100379, 239, 420, 23, 151, 23, 128)
   (48, 100379, 101219, 241, 140, 8, 45, 8, 37)
   (49, 101219, 105419, 251, 700, 42, 252, 42, 210)
   (50, 105419, 107939, 257, 420, 21, 147, 21, 126)
   (51, 107939, 110459, 263, 420, 24, 153, 24, 129)
   (52, 110459, 112979, 269, 420, 25, 151, 25, 126)
   (53, 112979, 113819, 271, 140, 14, 52, 14, 38)
   (54, 113819, 116339, 277, 420, 23, 151, 23, 128)
   (55, 116339, 118019, 281, 280, 20, 104, 20, 84)
   (56, 118019, 118859, 283, 140, 6, 51, 6, 45)
   (57, 118859, 123059, 293, 700, 47, 259, 47, 212)
   (58, 123059, 128939, 307, 980, 49, 369, 49, 320)
   (59, 128939, 130619, 311, 280, 17, 105, 17, 88)
   (60, 130619, 131459, 313, 140, 7, 54, 7, 47)
   (61, 131459, 133139, 317, 280, 16, 106, 16, 90)
   (62, 133139, 139019, 331, 980, 55, 377, 55, 322)
   (63, 139019, 141539, 337, 420, 22, 161, 22, 139)
   (64, 141539, 145739, 347, 700, 34, 272, 34, 238)
   (65, 145739, 146579, 349, 140, 9, 54, 9, 45)
   (66, 146579, 148259, 353, 280, 12, 103, 12, 91)
   (67, 148259, 150779, 359, 420, 31, 165, 31, 134)
   (68, 150779, 154139, 367, 560, 37, 223, 37, 186)
   (69, 154139, 156659, 373, 420, 24, 162, 24, 138)
   (70, 156659, 159179, 379, 420, 22, 165, 22, 143)
   (71, 159179, 160859, 383, 280, 19, 113, 19, 94)
   (72, 160859, 163379, 389, 420, 23, 165, 23, 142)
   (73, 163379, 166739, 397, 560, 25, 222, 25, 197)
   (74, 166739, 168419, 401, 280, 12, 110, 12, 98)
   (75, 168419, 171779, 409, 560, 27, 217, 27, 190)
   (76, 171779, 175979, 419, 700, 32, 286, 32, 254)
   (77, 175979, 176819, 421, 140, 16, 56, 16, 40)
   (78, 176819, 181019, 431, 700, 40, 284, 40, 244)
   (79, 181019, 181859, 433, 140, 11, 54, 11, 43)
   (80, 181859, 184379, 439, 420, 28, 170, 28, 142)
   (81, 184379, 186059, 443, 280, 17, 116, 17, 99)
   (82, 186059, 188579, 449, 420, 19, 169, 19, 150)
   (83, 188579, 191939, 457, 560, 33, 237, 33, 204)
   (84, 191939, 193619, 461, 280, 13, 116, 13, 103)
   (85, 193619, 194459, 463, 140, 6, 58, 6, 52)
   (86, 194459, 196139, 467, 280, 11, 116, 11, 105)
   (87, 196139, 201179, 479, 840, 42, 354, 42, 312)
   (88, 201179, 204539, 487, 560, 35, 239, 35, 204)
   (89, 204539, 206219, 491, 280, 13, 119, 13, 106)
   (90, 206219, 209579, 499, 559, 35, 239, 35, 204)

q = 997: base [2, 3, 5, 7] (P = 210); layers [11, 13, 17, 19, 23, 29, 31, 37, 41, 43, 47, 53, 59, 61, 67, 71, 73, 79, 83, 89, 97, 101, 103, 107, 109, 113, 127, 131, 137, 139, 149, 151, 157, 163, 167, 173, 179, 181, 191, 193, 197, 199, 211, 223, 227, 229, 233, 239, 241, 251, 257, 263, 269, 271, 277, 281, 283, 293, 307, 311, 313, 317, 331, 337, 347, 349, 353, 359, 367, 373, 379, 383, 389, 397, 401, 409, 419, 421, 431, 433, 439, 443, 449, 457, 461, 463, 467, 479, 487, 491, 499, 503, 509, 521, 523, 541, 547, 557, 563, 569, 571, 577, 587, 593, 599, 601, 607, 613, 617, 619, 631, 641, 643, 647, 653, 659, 661, 673, 677, 683, 691, 701, 709, 719, 727, 733, 739, 743, 751, 757, 761, 769, 773, 787, 797, 809, 811, 821, 823, 827, 829, 839, 853, 857, 859, 863, 877, 881, 883, 887, 907, 911, 919, 929, 937, 941, 947, 953, 967, 971, 977, 983, 991, 997]; landings [4619, 5459, 7139, 7979, 9659, 12179, 13019, 15539, 17219, 18059, 19739, 22259, 24779, 25619, 28139, 29819, 30659, 33179, 34859, 37379, 40739, 42419, 43259, 44939, 45779, 47459, 53339, 55019, 57539, 58379, 62579, 63419, 65939, 68459, 70139, 72659, 75179, 76019, 80219, 81059, 82739, 83579, 88619, 93659, 95339, 96179, 97859, 100379, 101219, 105419, 107939, 110459, 112979, 113819, 116339, 118019, 118859, 123059, 128939, 130619, 131459, 133139, 139019, 141539, 145739, 146579, 148259, 150779, 154139, 156659, 159179, 160859, 163379, 166739, 168419, 171779, 175979, 176819, 181019, 181859, 184379, 186059, 188579, 191939, 193619, 194459, 196139, 201179, 204539, 206219, 209579, 211259, 213779, 218819, 219659, 227219, 229739, 233939, 236459, 238979, 239819, 242339, 246539, 249059, 251579, 252419, 254939, 257459, 259139, 259979, 265019, 269219, 270059, 271739, 274259, 276779, 277619, 282659, 284339, 286859, 290219, 294419, 297779, 301979, 305339, 307859, 310379, 312059, 315419, 317939, 319619, 322979, 324659, 330539, 334739, 339779, 340619, 344819, 345659, 347339, 348179, 352379, 358259, 359939, 360779, 362459, 368339, 370019, 370859, 372539, 380939, 382619, 385979, 390179, 393539, 395219, 397739, 400259, 406139, 407819, 410339, 412859, 416219, 418739]; slot line j = 167..69789 (to the last landing 418739, window top 994009)
   spans between landings: (span, from, to, layers ending at 'to', slots, twins in span, holes, true holes, false holes)
   (0, 1001, 4619, 11, 603, 84, 84, 84, 0)
   (1, 4619, 5459, 13, 140, 14, 14, 14, 0)
   (2, 5459, 7139, 17, 280, 30, 30, 30, 0)
   (3, 7139, 7979, 19, 140, 12, 12, 12, 0)
   (4, 7979, 9659, 23, 280, 25, 25, 25, 0)
   (5, 9659, 12179, 29, 420, 39, 40, 39, 1)
   (6, 12179, 13019, 31, 140, 9, 15, 9, 6)
   (7, 13019, 15539, 37, 420, 29, 49, 29, 20)
   (8, 15539, 17219, 41, 280, 23, 46, 23, 23)
   (9, 17219, 18059, 43, 140, 18, 26, 18, 8)
   (10, 18059, 19739, 47, 280, 19, 40, 19, 21)
   (11, 19739, 22259, 53, 420, 39, 84, 39, 45)
   (12, 22259, 24779, 59, 420, 30, 69, 30, 39)
   (13, 24779, 25619, 61, 140, 10, 20, 10, 10)
   (14, 25619, 28139, 67, 420, 32, 70, 32, 38)
   (15, 28139, 29819, 71, 280, 18, 50, 18, 32)
   (16, 29819, 30659, 73, 140, 9, 30, 9, 21)
   (17, 30659, 33179, 79, 420, 38, 88, 38, 50)
   (18, 33179, 34859, 83, 280, 25, 56, 25, 31)
   (19, 34859, 37379, 89, 420, 26, 83, 26, 57)
   (20, 37379, 40739, 97, 560, 34, 111, 34, 77)
   (21, 40739, 42419, 101, 280, 19, 67, 19, 48)
   (22, 42419, 43259, 103, 140, 7, 31, 7, 24)
   (23, 43259, 44939, 107, 280, 21, 62, 21, 41)
   (24, 44939, 45779, 109, 140, 6, 28, 6, 22)
   (25, 45779, 47459, 113, 280, 18, 64, 18, 46)
   (26, 47459, 53339, 127, 980, 73, 226, 73, 153)
   (27, 53339, 55019, 131, 280, 13, 63, 13, 50)
   (28, 55019, 57539, 137, 420, 31, 104, 31, 73)
   (29, 57539, 58379, 139, 140, 8, 38, 8, 30)
   (30, 58379, 62579, 149, 700, 37, 163, 37, 126)
   (31, 62579, 63419, 151, 140, 9, 38, 9, 29)
   (32, 63419, 65939, 157, 420, 27, 101, 27, 74)
   (33, 65939, 68459, 163, 420, 21, 101, 21, 80)
   (34, 68459, 70139, 167, 280, 20, 65, 20, 45)
   (35, 70139, 72659, 173, 420, 32, 108, 32, 76)
   (36, 72659, 75179, 179, 420, 20, 105, 20, 85)
   (37, 75179, 76019, 181, 140, 8, 38, 8, 30)
   (38, 76019, 80219, 191, 700, 41, 184, 41, 143)
   (39, 80219, 81059, 193, 140, 14, 40, 14, 26)
   (40, 81059, 82739, 197, 280, 19, 75, 19, 56)
   (41, 82739, 83579, 199, 140, 9, 36, 9, 27)
   (42, 83579, 88619, 211, 840, 53, 231, 53, 178)
   (43, 88619, 93659, 223, 840, 51, 224, 51, 173)
   (44, 93659, 95339, 227, 280, 21, 81, 21, 60)
   (45, 95339, 96179, 229, 140, 6, 42, 6, 36)
   (46, 96179, 97859, 233, 280, 21, 77, 21, 56)
   (47, 97859, 100379, 239, 420, 23, 114, 23, 91)
   (48, 100379, 101219, 241, 140, 8, 35, 8, 27)
   (49, 101219, 105419, 251, 700, 42, 197, 42, 155)
   (50, 105419, 107939, 257, 420, 21, 114, 21, 93)
   (51, 107939, 110459, 263, 420, 24, 120, 24, 96)
   (52, 110459, 112979, 269, 420, 25, 122, 25, 97)
   (53, 112979, 113819, 271, 140, 14, 43, 14, 29)
   (54, 113819, 116339, 277, 420, 23, 123, 23, 100)
   (55, 116339, 118019, 281, 280, 20, 87, 20, 67)
   (56, 118019, 118859, 283, 140, 6, 39, 6, 33)
   (57, 118859, 123059, 293, 700, 47, 204, 47, 157)
   (58, 123059, 128939, 307, 980, 49, 295, 49, 246)
   (59, 128939, 130619, 311, 280, 17, 79, 17, 62)
   (60, 130619, 131459, 313, 140, 7, 39, 7, 32)
   (61, 131459, 133139, 317, 280, 16, 86, 16, 70)
   (62, 133139, 139019, 331, 980, 55, 296, 55, 241)
   (63, 139019, 141539, 337, 420, 22, 131, 22, 109)
   (64, 141539, 145739, 347, 700, 34, 220, 34, 186)
   (65, 145739, 146579, 349, 140, 9, 44, 9, 35)
   (66, 146579, 148259, 353, 280, 12, 77, 12, 65)
   (67, 148259, 150779, 359, 420, 31, 141, 31, 110)
   (68, 150779, 154139, 367, 560, 37, 175, 37, 138)
   (69, 154139, 156659, 373, 420, 24, 130, 24, 106)
   (70, 156659, 159179, 379, 420, 22, 135, 22, 113)
   (71, 159179, 160859, 383, 280, 19, 88, 19, 69)
   (72, 160859, 163379, 389, 420, 23, 128, 23, 105)
   (73, 163379, 166739, 397, 560, 25, 177, 25, 152)
   (74, 166739, 168419, 401, 280, 12, 90, 12, 78)
   (75, 168419, 171779, 409, 560, 27, 168, 27, 141)
   (76, 171779, 175979, 419, 700, 32, 233, 32, 201)
   (77, 175979, 176819, 421, 140, 16, 49, 16, 33)
   (78, 176819, 181019, 431, 700, 40, 226, 40, 186)
   (79, 181019, 181859, 433, 140, 11, 43, 11, 32)
   (80, 181859, 184379, 439, 420, 28, 139, 28, 111)
   (81, 184379, 186059, 443, 280, 17, 92, 17, 75)
   (82, 186059, 188579, 449, 420, 19, 137, 19, 118)
   (83, 188579, 191939, 457, 560, 33, 187, 33, 154)
   (84, 191939, 193619, 461, 280, 13, 100, 13, 87)
   (85, 193619, 194459, 463, 140, 6, 46, 6, 40)
   (86, 194459, 196139, 467, 280, 11, 103, 11, 92)
   (87, 196139, 201179, 479, 840, 42, 286, 42, 244)
   (88, 201179, 204539, 487, 560, 35, 194, 35, 159)
   (89, 204539, 206219, 491, 280, 13, 94, 13, 81)
   (90, 206219, 209579, 499, 560, 36, 193, 36, 157)
   (91, 209579, 211259, 503, 280, 16, 95, 16, 79)
   (92, 211259, 213779, 509, 420, 14, 147, 14, 133)
   (93, 213779, 218819, 521, 840, 39, 286, 39, 247)
   (94, 218819, 219659, 523, 140, 6, 46, 6, 40)
   (95, 219659, 227219, 541, 1260, 70, 443, 70, 373)
   (96, 227219, 229739, 547, 420, 22, 144, 22, 122)
   (97, 229739, 233939, 557, 700, 42, 251, 42, 209)
   (98, 233939, 236459, 563, 420, 19, 156, 19, 137)
   (99, 236459, 238979, 569, 420, 21, 148, 21, 127)
   (100, 238979, 239819, 571, 140, 4, 47, 4, 43)
   (101, 239819, 242339, 577, 420, 20, 154, 20, 134)
   (102, 242339, 246539, 587, 700, 35, 250, 35, 215)
   (103, 246539, 249059, 593, 420, 24, 149, 24, 125)
   (104, 249059, 251579, 599, 420, 20, 152, 20, 132)
   (105, 251579, 252419, 601, 140, 6, 49, 6, 43)
   (106, 252419, 254939, 607, 420, 17, 154, 17, 137)
   (107, 254939, 257459, 613, 420, 20, 158, 20, 138)
   (108, 257459, 259139, 617, 280, 12, 101, 12, 89)
   (109, 259139, 259979, 619, 140, 6, 52, 6, 46)
   (110, 259979, 265019, 631, 840, 42, 319, 42, 277)
   (111, 265019, 269219, 641, 700, 47, 257, 47, 210)
   (112, 269219, 270059, 643, 140, 3, 54, 3, 51)
   (113, 270059, 271739, 647, 280, 13, 105, 13, 92)
   (114, 271739, 274259, 653, 420, 23, 159, 23, 136)
   (115, 274259, 276779, 659, 420, 19, 157, 19, 138)
   (116, 276779, 277619, 661, 140, 8, 52, 8, 44)
   (117, 277619, 282659, 673, 840, 41, 321, 41, 280)
   (118, 282659, 284339, 677, 280, 17, 108, 17, 91)
   (119, 284339, 286859, 683, 420, 24, 168, 24, 144)
   (120, 286859, 290219, 691, 560, 24, 219, 24, 195)
   (121, 290219, 294419, 701, 700, 29, 266, 29, 237)
   (122, 294419, 297779, 709, 560, 23, 217, 23, 194)
   (123, 297779, 301979, 719, 700, 38, 276, 38, 238)
   (124, 301979, 305339, 727, 560, 27, 220, 27, 193)
   (125, 305339, 307859, 733, 420, 24, 160, 24, 136)
   (126, 307859, 310379, 739, 420, 23, 164, 23, 141)
   (127, 310379, 312059, 743, 280, 10, 110, 10, 100)
   (128, 312059, 315419, 751, 560, 31, 225, 31, 194)
   (129, 315419, 317939, 757, 420, 22, 160, 22, 138)
   (130, 317939, 319619, 761, 280, 16, 112, 16, 96)
   (131, 319619, 322979, 769, 560, 35, 223, 35, 188)
   (132, 322979, 324659, 773, 280, 17, 111, 17, 94)
   (133, 324659, 330539, 787, 980, 62, 391, 62, 329)
   (134, 330539, 334739, 797, 700, 32, 279, 32, 247)
   (135, 334739, 339779, 809, 840, 32, 340, 32, 308)
   (136, 339779, 340619, 811, 140, 6, 56, 6, 50)
   (137, 340619, 344819, 821, 700, 33, 282, 33, 249)
   (138, 344819, 345659, 823, 140, 5, 54, 5, 49)
   (139, 345659, 347339, 827, 280, 16, 114, 16, 98)
   (140, 347339, 348179, 829, 140, 6, 54, 6, 48)
   (141, 348179, 352379, 839, 700, 29, 285, 29, 256)
   (142, 352379, 358259, 853, 980, 49, 400, 49, 351)
   (143, 358259, 359939, 857, 280, 14, 113, 14, 99)
   (144, 359939, 360779, 859, 140, 5, 56, 5, 51)
   (145, 360779, 362459, 863, 280, 17, 117, 17, 100)
   (146, 362459, 368339, 877, 980, 41, 408, 41, 367)
   (147, 368339, 370019, 881, 280, 9, 114, 9, 105)
   (148, 370019, 370859, 883, 140, 3, 59, 3, 56)
   (149, 370859, 372539, 887, 280, 13, 116, 13, 103)
   (150, 372539, 380939, 907, 1400, 63, 583, 63, 520)
   (151, 380939, 382619, 911, 280, 12, 115, 12, 103)
   (152, 382619, 385979, 919, 560, 25, 234, 25, 209)
   (153, 385979, 390179, 929, 700, 32, 294, 32, 262)
   (154, 390179, 393539, 937, 560, 32, 239, 32, 207)
   (155, 393539, 395219, 941, 280, 13, 116, 13, 103)
   (156, 395219, 397739, 947, 420, 19, 174, 19, 155)
   (157, 397739, 400259, 953, 420, 21, 178, 21, 157)
   (158, 400259, 406139, 967, 980, 51, 415, 51, 364)
   (159, 406139, 407819, 971, 280, 11, 120, 11, 109)
   (160, 407819, 410339, 977, 420, 18, 179, 18, 161)
   (161, 410339, 412859, 983, 420, 18, 180, 18, 162)
   (162, 412859, 416219, 991, 560, 25, 239, 25, 214)
   (163, 416219, 418739, 997, 419, 21, 179, 21, 158)

q = 1999: base [2, 3, 5, 7] (P = 210); layers [11, 13, 17, 19, 23, 29, 31, 37, 41, 43, 47, 53, 59, 61, 67, 71, 73, 79, 83, 89, 97, 101, 103, 107, 109, 113, 127, 131, 137, 139, 149, 151, 157, 163, 167, 173, 179, 181, 191, 193, 197, 199, 211, 223, 227, 229, 233, 239, 241, 251, 257, 263, 269, 271, 277, 281, 283, 293, 307, 311, 313, 317, 331, 337, 347, 349, 353, 359, 367, 373, 379, 383, 389, 397, 401, 409, 419, 421, 431, 433, 439, 443, 449, 457, 461, 463, 467, 479, 487, 491, 499, 503, 509, 521, 523, 541, 547, 557, 563, 569, 571, 577, 587, 593, 599, 601, 607, 613, 617, 619, 631, 641, 643, 647, 653, 659, 661, 673, 677, 683, 691, 701, 709, 719, 727, 733, 739, 743, 751, 757, 761, 769, 773, 787, 797, 809, 811, 821, 823, 827, 829, 839, 853, 857, 859, 863, 877, 881, 883, 887, 907, 911, 919, 929, 937, 941, 947, 953, 967, 971, 977, 983, 991, 997, 1009, 1013, 1019, 1021, 1031, 1033, 1039, 1049, 1051, 1061, 1063, 1069, 1087, 1091, 1093, 1097, 1103, 1109, 1117, 1123, 1129, 1151, 1153, 1163, 1171, 1181, 1187, 1193, 1201, 1213, 1217, 1223, 1229, 1231, 1237, 1249, 1259, 1277, 1279, 1283, 1289, 1291, 1297, 1301, 1303, 1307, 1319, 1321, 1327, 1361, 1367, 1373, 1381, 1399, 1409, 1423, 1427, 1429, 1433, 1439, 1447, 1451, 1453, 1459, 1471, 1481, 1483, 1487, 1489, 1493, 1499, 1511, 1523, 1531, 1543, 1549, 1553, 1559, 1567, 1571, 1579, 1583, 1597, 1601, 1607, 1609, 1613, 1619, 1621, 1627, 1637, 1657, 1663, 1667, 1669, 1693, 1697, 1699, 1709, 1721, 1723, 1733, 1741, 1747, 1753, 1759, 1777, 1783, 1787, 1789, 1801, 1811, 1823, 1831, 1847, 1861, 1867, 1871, 1873, 1877, 1879, 1889, 1901, 1907, 1913, 1931, 1933, 1949, 1951, 1973, 1979, 1987, 1993, 1997, 1999]; landings [4619, 5459, 7139, 7979, 9659, 12179, 13019, 15539, 17219, 18059, 19739, 22259, 24779, 25619, 28139, 29819, 30659, 33179, 34859, 37379, 40739, 42419, 43259, 44939, 45779, 47459, 53339, 55019, 57539, 58379, 62579, 63419, 65939, 68459, 70139, 72659, 75179, 76019, 80219, 81059, 82739, 83579, 88619, 93659, 95339, 96179, 97859, 100379, 101219, 105419, 107939, 110459, 112979, 113819, 116339, 118019, 118859, 123059, 128939, 130619, 131459, 133139, 139019, 141539, 145739, 146579, 148259, 150779, 154139, 156659, 159179, 160859, 163379, 166739, 168419, 171779, 175979, 176819, 181019, 181859, 184379, 186059, 188579, 191939, 193619, 194459, 196139, 201179, 204539, 206219, 209579, 211259, 213779, 218819, 219659, 227219, 229739, 233939, 236459, 238979, 239819, 242339, 246539, 249059, 251579, 252419, 254939, 257459, 259139, 259979, 265019, 269219, 270059, 271739, 274259, 276779, 277619, 282659, 284339, 286859, 290219, 294419, 297779, 301979, 305339, 307859, 310379, 312059, 315419, 317939, 319619, 322979, 324659, 330539, 334739, 339779, 340619, 344819, 345659, 347339, 348179, 352379, 358259, 359939, 360779, 362459, 368339, 370019, 370859, 372539, 380939, 382619, 385979, 390179, 393539, 395219, 397739, 400259, 406139, 407819, 410339, 412859, 416219, 418739, 423779, 425459, 427979, 428819, 433019, 433859, 436379, 440579, 441419, 445619, 446459, 448979, 456539, 458219, 459059, 460739, 463259, 465779, 469139, 471659, 474179, 483419, 484259, 488459, 491819, 496019, 498539, 501059, 504419, 509459, 511139, 513659, 516179, 517019, 519539, 524579, 528779, 536339, 537179, 538859, 541379, 542219, 544739, 546419, 547259, 548939, 553979, 554819, 557339, 571619, 574139, 576659, 580019, 587579, 591779, 597659, 599339, 600179, 601859, 604379, 607739, 609419, 610259, 612779, 617819, 622019, 622859, 624539, 625379, 627059, 629579, 634619, 639659, 643019, 648059, 650579, 652259, 654779, 658139, 659819, 663179, 664859, 670739, 672419, 674939, 675779, 677459, 679979, 680819, 683339, 687539, 695939, 698459, 700139, 700979, 711059, 712739, 713579, 717779, 722819, 723659, 727859, 731219, 733739, 736259, 738779, 746339, 748859, 750539, 751379, 756419, 760619, 765659, 769019, 775739, 781619, 784139, 785819, 786659, 788339, 789179, 793379, 798419, 800939, 803459, 811019, 811859, 818579, 819419, 828659, 831179, 834539, 837059, 838739, 839579]; slot line j = 334..139929 (to the last landing 839579, window top 3996001)
   spans between landings: (span, from, to, layers ending at 'to', slots, twins in span, holes, true holes, false holes)
   (0, 2003, 4619, 11, 436, 58, 58, 58, 0)
   (1, 4619, 5459, 13, 140, 14, 14, 14, 0)
   (2, 5459, 7139, 17, 280, 30, 30, 30, 0)
   (3, 7139, 7979, 19, 140, 12, 12, 12, 0)
   (4, 7979, 9659, 23, 280, 25, 25, 25, 0)
   (5, 9659, 12179, 29, 420, 39, 39, 39, 0)
   (6, 12179, 13019, 31, 140, 9, 10, 9, 1)
   (7, 13019, 15539, 37, 420, 29, 30, 29, 1)
   (8, 15539, 17219, 41, 280, 23, 24, 23, 1)
   (9, 17219, 18059, 43, 140, 18, 18, 18, 0)
   (10, 18059, 19739, 47, 280, 19, 25, 19, 6)
   (11, 19739, 22259, 53, 420, 39, 48, 39, 9)
   (12, 22259, 24779, 59, 420, 30, 48, 30, 18)
   (13, 24779, 25619, 61, 140, 10, 11, 10, 1)
   (14, 25619, 28139, 67, 420, 32, 50, 32, 18)
   (15, 28139, 29819, 71, 280, 18, 36, 18, 18)
   (16, 29819, 30659, 73, 140, 9, 18, 9, 9)
   (17, 30659, 33179, 79, 420, 38, 66, 38, 28)
   (18, 33179, 34859, 83, 280, 25, 39, 25, 14)
   (19, 34859, 37379, 89, 420, 26, 66, 26, 40)
   (20, 37379, 40739, 97, 560, 34, 84, 34, 50)
   (21, 40739, 42419, 101, 280, 19, 48, 19, 29)
   (22, 42419, 43259, 103, 140, 7, 23, 7, 16)
   (23, 43259, 44939, 107, 280, 21, 48, 21, 27)
   (24, 44939, 45779, 109, 140, 6, 18, 6, 12)
   (25, 45779, 47459, 113, 280, 18, 49, 18, 31)
   (26, 47459, 53339, 127, 980, 73, 179, 73, 106)
   (27, 53339, 55019, 131, 280, 13, 40, 13, 27)
   (28, 55019, 57539, 137, 420, 31, 78, 31, 47)
   (29, 57539, 58379, 139, 140, 8, 26, 8, 18)
   (30, 58379, 62579, 149, 700, 37, 114, 37, 77)
   (31, 62579, 63419, 151, 140, 9, 26, 9, 17)
   (32, 63419, 65939, 157, 420, 27, 83, 27, 56)
   (33, 65939, 68459, 163, 420, 21, 73, 21, 52)
   (34, 68459, 70139, 167, 280, 20, 48, 20, 28)
   (35, 70139, 72659, 173, 420, 32, 83, 32, 51)
   (36, 72659, 75179, 179, 420, 20, 72, 20, 52)
   (37, 75179, 76019, 181, 140, 8, 29, 8, 21)
   (38, 76019, 80219, 191, 700, 41, 138, 41, 97)
   (39, 80219, 81059, 193, 140, 14, 30, 14, 16)
   (40, 81059, 82739, 197, 280, 19, 61, 19, 42)
   (41, 82739, 83579, 199, 140, 9, 30, 9, 21)
   (42, 83579, 88619, 211, 840, 53, 179, 53, 126)
   (43, 88619, 93659, 223, 840, 51, 181, 51, 130)
   (44, 93659, 95339, 227, 280, 21, 61, 21, 40)
   (45, 95339, 96179, 229, 140, 6, 33, 6, 27)
   (46, 96179, 97859, 233, 280, 21, 66, 21, 45)
   (47, 97859, 100379, 239, 420, 23, 94, 23, 71)
   (48, 100379, 101219, 241, 140, 8, 29, 8, 21)
   (49, 101219, 105419, 251, 700, 42, 157, 42, 115)
   (50, 105419, 107939, 257, 420, 21, 88, 21, 67)
   (51, 107939, 110459, 263, 420, 24, 92, 24, 68)
   (52, 110459, 112979, 269, 420, 25, 98, 25, 73)
   (53, 112979, 113819, 271, 140, 14, 35, 14, 21)
   (54, 113819, 116339, 277, 420, 23, 95, 23, 72)
   (55, 116339, 118019, 281, 280, 20, 67, 20, 47)
   (56, 118019, 118859, 283, 140, 6, 29, 6, 23)
   (57, 118859, 123059, 293, 700, 47, 168, 47, 121)
   (58, 123059, 128939, 307, 980, 49, 222, 49, 173)
   (59, 128939, 130619, 311, 280, 17, 65, 17, 48)
   (60, 130619, 131459, 313, 140, 7, 32, 7, 25)
   (61, 131459, 133139, 317, 280, 16, 69, 16, 53)
   (62, 133139, 139019, 331, 980, 55, 233, 55, 178)
   (63, 139019, 141539, 337, 420, 22, 101, 22, 79)
   (64, 141539, 145739, 347, 700, 34, 176, 34, 142)
   (65, 145739, 146579, 349, 140, 9, 36, 9, 27)
   (66, 146579, 148259, 353, 280, 12, 63, 12, 51)
   (67, 148259, 150779, 359, 420, 31, 120, 31, 89)
   (68, 150779, 154139, 367, 560, 37, 144, 37, 107)
   (69, 154139, 156659, 373, 420, 24, 98, 24, 74)
   (70, 156659, 159179, 379, 420, 22, 106, 22, 84)
   (71, 159179, 160859, 383, 280, 19, 74, 19, 55)
   (72, 160859, 163379, 389, 420, 23, 106, 23, 83)
   (73, 163379, 166739, 397, 560, 25, 142, 25, 117)
   (74, 166739, 168419, 401, 280, 12, 71, 12, 59)
   (75, 168419, 171779, 409, 560, 27, 142, 27, 115)
   (76, 171779, 175979, 419, 700, 32, 183, 32, 151)
   (77, 175979, 176819, 421, 140, 16, 44, 16, 28)
   (78, 176819, 181019, 431, 700, 40, 172, 40, 132)
   (79, 181019, 181859, 433, 140, 11, 36, 11, 25)
   (80, 181859, 184379, 439, 420, 28, 117, 28, 89)
   (81, 184379, 186059, 443, 280, 17, 76, 17, 59)
   (82, 186059, 188579, 449, 420, 19, 110, 19, 91)
   (83, 188579, 191939, 457, 560, 33, 148, 33, 115)
   (84, 191939, 193619, 461, 280, 13, 80, 13, 67)
   (85, 193619, 194459, 463, 140, 6, 36, 6, 30)
   (86, 194459, 196139, 467, 280, 11, 82, 11, 71)
   (87, 196139, 201179, 479, 840, 42, 228, 42, 186)
   (88, 201179, 204539, 487, 560, 35, 154, 35, 119)
   (89, 204539, 206219, 491, 280, 13, 72, 13, 59)
   (90, 206219, 209579, 499, 560, 36, 162, 36, 126)
   (91, 209579, 211259, 503, 280, 16, 77, 16, 61)
   (92, 211259, 213779, 509, 420, 14, 106, 14, 92)
   (93, 213779, 218819, 521, 840, 39, 225, 39, 186)
   (94, 218819, 219659, 523, 140, 6, 40, 6, 34)
   (95, 219659, 227219, 541, 1260, 70, 359, 70, 289)
   (96, 227219, 229739, 547, 420, 22, 116, 22, 94)
   (97, 229739, 233939, 557, 700, 42, 206, 42, 164)
   (98, 233939, 236459, 563, 420, 19, 122, 19, 103)
   (99, 236459, 238979, 569, 420, 21, 119, 21, 98)
   (100, 238979, 239819, 571, 140, 4, 40, 4, 36)
   (101, 239819, 242339, 577, 420, 20, 128, 20, 108)
   (102, 242339, 246539, 587, 700, 35, 200, 35, 165)
   (103, 246539, 249059, 593, 420, 24, 115, 24, 91)
   (104, 249059, 251579, 599, 420, 20, 119, 20, 99)
   (105, 251579, 252419, 601, 140, 6, 39, 6, 33)
   (106, 252419, 254939, 607, 420, 17, 122, 17, 105)
   (107, 254939, 257459, 613, 420, 20, 122, 20, 102)
   (108, 257459, 259139, 617, 280, 12, 83, 12, 71)
   (109, 259139, 259979, 619, 140, 6, 43, 6, 37)
   (110, 259979, 265019, 631, 840, 42, 257, 42, 215)
   (111, 265019, 269219, 641, 700, 47, 204, 47, 157)
   (112, 269219, 270059, 643, 140, 3, 45, 3, 42)
   (113, 270059, 271739, 647, 280, 13, 82, 13, 69)
   (114, 271739, 274259, 653, 420, 23, 123, 23, 100)
   (115, 274259, 276779, 659, 420, 19, 128, 19, 109)
   (116, 276779, 277619, 661, 140, 8, 44, 8, 36)
   (117, 277619, 282659, 673, 840, 41, 254, 41, 213)
   (118, 282659, 284339, 677, 280, 17, 90, 17, 73)
   (119, 284339, 286859, 683, 420, 24, 131, 24, 107)
   (120, 286859, 290219, 691, 560, 24, 177, 24, 153)
   (121, 290219, 294419, 701, 700, 29, 207, 29, 178)
   (122, 294419, 297779, 709, 560, 23, 177, 23, 154)
   (123, 297779, 301979, 719, 700, 38, 228, 38, 190)
   (124, 301979, 305339, 727, 560, 27, 175, 27, 148)
   (125, 305339, 307859, 733, 420, 24, 135, 24, 111)
   (126, 307859, 310379, 739, 420, 23, 124, 23, 101)
   (127, 310379, 312059, 743, 280, 10, 82, 10, 72)
   (128, 312059, 315419, 751, 560, 31, 187, 31, 156)
   (129, 315419, 317939, 757, 420, 22, 125, 22, 103)
   (130, 317939, 319619, 761, 280, 16, 91, 16, 75)
   (131, 319619, 322979, 769, 560, 35, 188, 35, 153)
   (132, 322979, 324659, 773, 280, 17, 90, 17, 73)
   (133, 324659, 330539, 787, 980, 62, 319, 62, 257)
   (134, 330539, 334739, 797, 700, 32, 227, 32, 195)
   (135, 334739, 339779, 809, 840, 32, 277, 32, 245)
   (136, 339779, 340619, 811, 140, 6, 50, 6, 44)
   (137, 340619, 344819, 821, 700, 33, 228, 33, 195)
   (138, 344819, 345659, 823, 140, 5, 43, 5, 38)
   (139, 345659, 347339, 827, 280, 16, 89, 16, 73)
   (140, 347339, 348179, 829, 140, 6, 41, 6, 35)
   (141, 348179, 352379, 839, 700, 29, 234, 29, 205)
   (142, 352379, 358259, 853, 980, 49, 322, 49, 273)
   (143, 358259, 359939, 857, 280, 14, 96, 14, 82)
   (144, 359939, 360779, 859, 140, 5, 48, 5, 43)
   (145, 360779, 362459, 863, 280, 17, 93, 17, 76)
   (146, 362459, 368339, 877, 980, 41, 341, 41, 300)
   (147, 368339, 370019, 881, 280, 9, 96, 9, 87)
   (148, 370019, 370859, 883, 140, 3, 48, 3, 45)
   (149, 370859, 372539, 887, 280, 13, 99, 13, 86)
   (150, 372539, 380939, 907, 1400, 63, 481, 63, 418)
   (151, 380939, 382619, 911, 280, 12, 92, 12, 80)
   (152, 382619, 385979, 919, 560, 25, 188, 25, 163)
   (153, 385979, 390179, 929, 700, 32, 244, 32, 212)
   (154, 390179, 393539, 937, 560, 32, 194, 32, 162)
   (155, 393539, 395219, 941, 280, 13, 96, 13, 83)
   (156, 395219, 397739, 947, 420, 19, 141, 19, 122)
   (157, 397739, 400259, 953, 420, 21, 147, 21, 126)
   (158, 400259, 406139, 967, 980, 51, 343, 51, 292)
   (159, 406139, 407819, 971, 280, 11, 96, 11, 85)
   (160, 407819, 410339, 977, 420, 18, 141, 18, 123)
   (161, 410339, 412859, 983, 420, 18, 146, 18, 128)
   (162, 412859, 416219, 991, 560, 25, 198, 25, 173)
   (163, 416219, 418739, 997, 420, 21, 147, 21, 126)
   (164, 418739, 423779, 1009, 840, 42, 295, 42, 253)
   (165, 423779, 425459, 1013, 280, 15, 106, 15, 91)
   (166, 425459, 427979, 1019, 420, 24, 148, 24, 124)
   (167, 427979, 428819, 1021, 140, 8, 49, 8, 41)
   (168, 428819, 433019, 1031, 700, 39, 254, 39, 215)
   (169, 433019, 433859, 1033, 140, 6, 52, 6, 46)
   (170, 433859, 436379, 1039, 420, 18, 147, 18, 129)
   (171, 436379, 440579, 1049, 700, 22, 241, 22, 219)
   (172, 440579, 441419, 1051, 140, 9, 51, 9, 42)
   (173, 441419, 445619, 1061, 700, 33, 250, 33, 217)
   (174, 445619, 446459, 1063, 140, 7, 49, 7, 42)
   (175, 446459, 448979, 1069, 420, 12, 148, 12, 136)
   (176, 448979, 456539, 1087, 1260, 59, 452, 59, 393)
   (177, 456539, 458219, 1091, 280, 14, 101, 14, 87)
   (178, 458219, 459059, 1093, 140, 6, 50, 6, 44)
   (179, 459059, 460739, 1097, 280, 8, 99, 8, 91)
   (180, 460739, 463259, 1103, 420, 17, 151, 17, 134)
   (181, 463259, 465779, 1109, 420, 25, 157, 25, 132)
   (182, 465779, 469139, 1117, 560, 18, 204, 18, 186)
   (183, 469139, 471659, 1123, 420, 18, 145, 18, 127)
   (184, 471659, 474179, 1129, 420, 20, 156, 20, 136)
   (185, 474179, 483419, 1151, 1540, 68, 565, 68, 497)
   (186, 483419, 484259, 1153, 140, 3, 54, 3, 51)
   (187, 484259, 488459, 1163, 700, 33, 263, 33, 230)
   (188, 488459, 491819, 1171, 560, 32, 203, 32, 171)
   (189, 491819, 496019, 1181, 700, 32, 256, 32, 224)
   (190, 496019, 498539, 1187, 420, 14, 156, 14, 142)
   (191, 498539, 501059, 1193, 420, 21, 154, 21, 133)
   (192, 501059, 504419, 1201, 560, 20, 210, 20, 190)
   (193, 504419, 509459, 1213, 840, 36, 306, 36, 270)
   (194, 509459, 511139, 1217, 280, 13, 106, 13, 93)
   (195, 511139, 513659, 1223, 420, 18, 154, 18, 136)
   (196, 513659, 516179, 1229, 420, 15, 156, 15, 141)
   (197, 516179, 517019, 1231, 140, 8, 54, 8, 46)
   (198, 517019, 519539, 1237, 420, 26, 161, 26, 135)
   (199, 519539, 524579, 1249, 840, 45, 312, 45, 267)
   (200, 524579, 528779, 1259, 700, 35, 263, 35, 228)
   (201, 528779, 536339, 1277, 1260, 51, 478, 51, 427)
   (202, 536339, 537179, 1279, 140, 10, 56, 10, 46)
   (203, 537179, 538859, 1283, 280, 14, 109, 14, 95)
   (204, 538859, 541379, 1289, 420, 24, 157, 24, 133)
   (205, 541379, 542219, 1291, 140, 7, 52, 7, 45)
   (206, 542219, 544739, 1297, 420, 16, 166, 16, 150)
   (207, 544739, 546419, 1301, 280, 12, 107, 12, 95)
   (208, 546419, 547259, 1303, 140, 1, 50, 1, 49)
   (209, 547259, 548939, 1307, 280, 10, 105, 10, 95)
   (210, 548939, 553979, 1319, 840, 44, 321, 44, 277)
   (211, 553979, 554819, 1321, 140, 5, 53, 5, 48)
   (212, 554819, 557339, 1327, 420, 14, 163, 14, 149)
   (213, 557339, 571619, 1361, 2380, 110, 921, 110, 811)
   (214, 571619, 574139, 1367, 420, 22, 168, 22, 146)
   (215, 574139, 576659, 1373, 420, 19, 162, 19, 143)
   (216, 576659, 580019, 1381, 560, 29, 213, 29, 184)
   (217, 580019, 587579, 1399, 1260, 58, 492, 58, 434)
   (218, 587579, 591779, 1409, 700, 32, 274, 32, 242)
   (219, 591779, 597659, 1423, 980, 48, 387, 48, 339)
   (220, 597659, 599339, 1427, 280, 12, 109, 12, 97)
   (221, 599339, 600179, 1429, 140, 5, 52, 5, 47)
   (222, 600179, 601859, 1433, 280, 13, 111, 13, 98)
   (223, 601859, 604379, 1439, 420, 17, 168, 17, 151)
   (224, 604379, 607739, 1447, 560, 28, 217, 28, 189)
   (225, 607739, 609419, 1451, 280, 14, 113, 14, 99)
   (226, 609419, 610259, 1453, 140, 6, 51, 6, 45)
   (227, 610259, 612779, 1459, 420, 17, 167, 17, 150)
   (228, 612779, 617819, 1471, 840, 38, 329, 38, 291)
   (229, 617819, 622019, 1481, 700, 24, 272, 24, 248)
   (230, 622019, 622859, 1483, 140, 11, 55, 11, 44)
   (231, 622859, 624539, 1487, 280, 14, 111, 14, 97)
   (232, 624539, 625379, 1489, 140, 5, 55, 5, 50)
   (233, 625379, 627059, 1493, 280, 10, 113, 10, 103)
   (234, 627059, 629579, 1499, 420, 19, 165, 19, 146)
   (235, 629579, 634619, 1511, 840, 38, 330, 38, 292)
   (236, 634619, 639659, 1523, 840, 41, 339, 41, 298)
   (237, 639659, 643019, 1531, 560, 27, 223, 27, 196)
   (238, 643019, 648059, 1543, 840, 38, 337, 38, 299)
   (239, 648059, 650579, 1549, 420, 18, 165, 18, 147)
   (240, 650579, 652259, 1553, 280, 14, 111, 14, 97)
   (241, 652259, 654779, 1559, 420, 23, 170, 23, 147)
   (242, 654779, 658139, 1567, 560, 16, 227, 16, 211)
   (243, 658139, 659819, 1571, 280, 12, 111, 12, 99)
   (244, 659819, 663179, 1579, 560, 28, 221, 28, 193)
   (245, 663179, 664859, 1583, 280, 20, 111, 20, 91)
   (246, 664859, 670739, 1597, 980, 43, 405, 43, 362)
   (247, 670739, 672419, 1601, 280, 8, 110, 8, 102)
   (248, 672419, 674939, 1607, 420, 18, 167, 18, 149)
   (249, 674939, 675779, 1609, 140, 5, 58, 5, 53)
   (250, 675779, 677459, 1613, 280, 14, 116, 14, 102)
   (251, 677459, 679979, 1619, 420, 19, 169, 19, 150)
   (252, 679979, 680819, 1621, 140, 8, 58, 8, 50)
   (253, 680819, 683339, 1627, 420, 14, 170, 14, 156)
   (254, 683339, 687539, 1637, 700, 34, 287, 34, 253)
   (255, 687539, 695939, 1657, 1400, 50, 572, 50, 522)
   (256, 695939, 698459, 1663, 420, 20, 169, 20, 149)
   (257, 698459, 700139, 1667, 280, 6, 112, 6, 106)
   (258, 700139, 700979, 1669, 140, 5, 57, 5, 52)
   (259, 700979, 711059, 1693, 1680, 79, 690, 79, 611)
   (260, 711059, 712739, 1697, 280, 10, 114, 10, 104)
   (261, 712739, 713579, 1699, 140, 6, 58, 6, 52)
   (262, 713579, 717779, 1709, 700, 26, 287, 26, 261)
   (263, 717779, 722819, 1721, 840, 28, 344, 28, 316)
   (264, 722819, 723659, 1723, 140, 9, 59, 9, 50)
   (265, 723659, 727859, 1733, 700, 31, 289, 31, 258)
   (266, 727859, 731219, 1741, 560, 23, 232, 23, 209)
   (267, 731219, 733739, 1747, 420, 15, 171, 15, 156)
   (268, 733739, 736259, 1753, 420, 18, 173, 18, 155)
   (269, 736259, 738779, 1759, 420, 19, 176, 19, 157)
   (270, 738779, 746339, 1777, 1260, 54, 523, 54, 469)
   (271, 746339, 748859, 1783, 420, 22, 176, 22, 154)
   (272, 748859, 750539, 1787, 280, 10, 115, 10, 105)
   (273, 750539, 751379, 1789, 140, 4, 58, 4, 54)
   (274, 751379, 756419, 1801, 840, 34, 351, 34, 317)
   (275, 756419, 760619, 1811, 700, 23, 292, 23, 269)
   (276, 760619, 765659, 1823, 840, 34, 348, 34, 314)
   (277, 765659, 769019, 1831, 560, 21, 235, 21, 214)
   (278, 769019, 775739, 1847, 1120, 54, 473, 54, 419)
   (279, 775739, 781619, 1861, 980, 42, 413, 42, 371)
   (280, 781619, 784139, 1867, 420, 24, 176, 24, 152)
   (281, 784139, 785819, 1871, 280, 11, 119, 11, 108)
   (282, 785819, 786659, 1873, 140, 6, 58, 6, 52)
   (283, 786659, 788339, 1877, 280, 8, 118, 8, 110)
   (284, 788339, 789179, 1879, 140, 5, 60, 5, 55)
   (285, 789179, 793379, 1889, 700, 30, 294, 30, 264)
   (286, 793379, 798419, 1901, 840, 42, 353, 42, 311)
   (287, 798419, 800939, 1907, 420, 18, 178, 18, 160)
   (288, 800939, 803459, 1913, 420, 14, 177, 14, 163)
   (289, 803459, 811019, 1931, 1260, 46, 533, 46, 487)
   (290, 811019, 811859, 1933, 140, 2, 60, 2, 58)
   (291, 811859, 818579, 1949, 1120, 43, 476, 43, 433)
   (292, 818579, 819419, 1951, 140, 9, 60, 9, 51)
   (293, 819419, 828659, 1973, 1540, 79, 660, 79, 581)
   (294, 828659, 831179, 1979, 420, 18, 180, 18, 162)
   (295, 831179, 834539, 1987, 560, 22, 240, 22, 218)
   (296, 834539, 837059, 1993, 420, 21, 178, 21, 157)
   (297, 837059, 838739, 1997, 280, 13, 119, 13, 106)
   (298, 838739, 839579, 1999, 139, 5, 59, 5, 54)
