The primorial descent (owner, 2026-09-14): from home flip up on the full primorial q#, then
flip back down on partial primorials (q# without q, then without q', ...), k periods each, until
the partial primorial P_s is the first one above q/2.  Every landing is 2 t P_s - 1 with t chosen
by the periods; it is open to every gear of P_s by construction (residue -1 carried), and its
residue at a gear above the base is set by t.  The landing is in the window iff
(q + 1) / (2 P_s) <= t <= (q^2 - 1) / (2 P_s).

Per machine: P_s, the base it carries, the range of t, the t whose landing is a twin, the first,
and which gear strikes each failing t (the smallest gear dividing a member).  Also the descent
itself for the first twin: the periods k_i at each partial primorial.

usage: uv run python research/stack/r8/primorial_descent.py 2000

q = 11: P_s = 6 (base [2, 3]), t in [1, 10] (10 landings); twins at t = [1, 5, 6, 9]; first twin 11; failing t and the striking gear: [(2, 5), (3, 5), (4, 7), (7, 5), (8, 5), (10, 7)]; descent to the first twin (partial primorial without gears down to p, periods k): [(7, 10), (5, 6), (3, 4)]
q = 13: P_s = 30 (base [2, 3, 5]), t in [1, 2] (2 landings); twins at t = [1]; first twin 59; failing t and the striking gear: [(2, 7)]; descent to the first twin (partial primorial without gears down to p, periods k): [(11, 12), (7, 10), (5, 6)]
q = 31: P_s = 30 (base [2, 3, 5]), t in [1, 16] (16 landings); twins at t = [1, 3, 4, 7, 10, 11]; first twin 59; failing t and the striking gear: [(2, 7), (5, 7), (6, 19), (8, 13), (9, 7), (12, 7)]; descent to the first twin (partial primorial without gears down to p, periods k): [(29, 30), (23, 28), (19, 22), (17, 18), (13, 16), (11, 12), (7, 10), (5, 6)]
q = 101: P_s = 210 (base [2, 3, 5, 7]), t in [1, 24] (24 landings); twins at t = [1, 8, 14, 15, 18, 21, 22]; first twin 419; failing t and the striking gear: [(2, 29), (3, 13), (4, 23), (5, 11), (6, 11), (7, 17), (9, 19), (10, 13), (11, 31), (12, 71)]; descent to the first twin (partial primorial without gears down to p, periods k): [(97, 100), (89, 96), (83, 88), (79, 82), (73, 78), (71, 72), (67, 70), (61, 66), (59, 60), (53, 58), (47, 52), (43, 46), (41, 42), (37, 40), (31, 36), (29, 30), (23, 28), (19, 22), (17, 18), (13, 16), (11, 12), (7, 10)]
q = 499: P_s = 2310 (base [2, 3, 5, 7, 11]), t in [1, 53] (53 landings); twins at t = [2, 12, 17, 20, 24, 29, 33, 39, 49, 50, 53]; first twin 9239; failing t and the striking gear: [(1, 31), (3, 83), (4, 17), (5, 13), (6, 19), (7, 73), (8, 13), (9, 43), (10, 47), (11, 89)]; descent to the first twin (partial primorial without gears down to p, periods k): [(491, 498), (487, 490), (479, 486), (467, 478), (463, 466), (461, 462), (457, 460), (449, 456), (443, 448), (439, 442), (433, 438), (431, 432), (421, 430), (419, 420), (409, 418), (401, 408), (397, 400), (389, 396), (383, 388), (379, 382), (373, 378), (367, 372), (359, 366), (353, 358), (349, 352), (347, 348), (337, 346), (331, 336), (317, 330), (313, 316), (311, 312), (307, 310), (293, 306), (283, 292), (281, 282), (277, 280), (271, 276), (269, 270), (263, 268), (257, 262), (251, 256), (241, 250), (239, 240), (233, 238), (229, 232), (227, 228), (223, 226), (211, 222), (199, 210), (197, 198), (193, 196), (191, 192), (181, 190), (179, 180), (173, 178), (167, 172), (163, 166), (157, 162), (151, 156), (149, 150), (139, 148), (137, 138), (131, 136), (127, 130), (113, 126), (109, 112), (107, 108), (103, 106), (101, 102), (97, 100), (89, 96), (83, 88), (79, 82), (73, 78), (71, 72), (67, 70), (61, 66), (59, 60), (53, 58), (47, 52), (43, 46), (41, 42), (37, 40), (31, 36), (29, 30), (23, 28), (19, 22), (17, 18), (13, 16), (11, 11)]
q = 997: P_s = 2310 (base [2, 3, 5, 7, 11]), t in [1, 215] (215 landings); twins at t = [2, 12, 17, 20, 24, 29, 33, 39, 49, 50, 53, 58]...; first twin 9239; failing t and the striking gear: [(1, 31), (3, 83), (4, 17), (5, 13), (6, 19), (7, 73), (8, 13), (9, 43), (10, 47), (11, 89)]; descent to the first twin (partial primorial without gears down to p, periods k): [(991, 996), (983, 990), (977, 982), (971, 976), (967, 970), (953, 966), (947, 952), (941, 946), (937, 940), (929, 936), (919, 928), (911, 918), (907, 910), (887, 906), (883, 886), (881, 882), (877, 880), (863, 876), (859, 862), (857, 858), (853, 856), (839, 852), (829, 838), (827, 828), (823, 826), (821, 822), (811, 820), (809, 810), (797, 808), (787, 796), (773, 786), (769, 772), (761, 768), (757, 760), (751, 756), (743, 750), (739, 742), (733, 738), (727, 732), (719, 726), (709, 718), (701, 708), (691, 700), (683, 690), (677, 682), (673, 676), (661, 672), (659, 660), (653, 658), (647, 652), (643, 646), (641, 642), (631, 640), (619, 630), (617, 618), (613, 616), (607, 612), (601, 606), (599, 600), (593, 598), (587, 592), (577, 586), (571, 576), (569, 570), (563, 568), (557, 562), (547, 556), (541, 546), (523, 540), (521, 522), (509, 520), (503, 508), (499, 502), (491, 498), (487, 490), (479, 486), (467, 478), (463, 466), (461, 462), (457, 460), (449, 456), (443, 448), (439, 442), (433, 438), (431, 432), (421, 430), (419, 420), (409, 418), (401, 408), (397, 400), (389, 396), (383, 388), (379, 382), (373, 378), (367, 372), (359, 366), (353, 358), (349, 352), (347, 348), (337, 346), (331, 336), (317, 330), (313, 316), (311, 312), (307, 310), (293, 306), (283, 292), (281, 282), (277, 280), (271, 276), (269, 270), (263, 268), (257, 262), (251, 256), (241, 250), (239, 240), (233, 238), (229, 232), (227, 228), (223, 226), (211, 222), (199, 210), (197, 198), (193, 196), (191, 192), (181, 190), (179, 180), (173, 178), (167, 172), (163, 166), (157, 162), (151, 156), (149, 150), (139, 148), (137, 138), (131, 136), (127, 130), (113, 126), (109, 112), (107, 108), (103, 106), (101, 102), (97, 100), (89, 96), (83, 88), (79, 82), (73, 78), (71, 72), (67, 70), (61, 66), (59, 60), (53, 58), (47, 52), (43, 46), (41, 42), (37, 40), (31, 36), (29, 30), (23, 28), (19, 22), (17, 18), (13, 16), (11, 11)]
q = 1999: P_s = 2310 (base [2, 3, 5, 7, 11]), t in [1, 864] (864 landings); twins at t = [2, 12, 17, 20, 24, 29, 33, 39, 49, 50, 53, 58]...; first twin 9239; failing t and the striking gear: [(1, 31), (3, 83), (4, 17), (5, 13), (6, 19), (7, 73), (8, 13), (9, 43), (10, 47), (11, 89)]; descent to the first twin (partial primorial without gears down to p, periods k): [(1997, 1998), (1993, 1996), (1987, 1992), (1979, 1986), (1973, 1978), (1951, 1972), (1949, 1950), (1933, 1948), (1931, 1932), (1913, 1930), (1907, 1912), (1901, 1906), (1889, 1900), (1879, 1888), (1877, 1878), (1873, 1876), (1871, 1872), (1867, 1870), (1861, 1866), (1847, 1860), (1831, 1846), (1823, 1830), (1811, 1822), (1801, 1810), (1789, 1800), (1787, 1788), (1783, 1786), (1777, 1782), (1759, 1776), (1753, 1758), (1747, 1752), (1741, 1746), (1733, 1740), (1723, 1732), (1721, 1722), (1709, 1720), (1699, 1708), (1697, 1698), (1693, 1696), (1669, 1692), (1667, 1668), (1663, 1666), (1657, 1662), (1637, 1656), (1627, 1636), (1621, 1626), (1619, 1620), (1613, 1618), (1609, 1612), (1607, 1608), (1601, 1606), (1597, 1600), (1583, 1596), (1579, 1582), (1571, 1578), (1567, 1570), (1559, 1566), (1553, 1558), (1549, 1552), (1543, 1548), (1531, 1542), (1523, 1530), (1511, 1522), (1499, 1510), (1493, 1498), (1489, 1492), (1487, 1488), (1483, 1486), (1481, 1482), (1471, 1480), (1459, 1470), (1453, 1458), (1451, 1452), (1447, 1450), (1439, 1446), (1433, 1438), (1429, 1432), (1427, 1428), (1423, 1426), (1409, 1422), (1399, 1408), (1381, 1398), (1373, 1380), (1367, 1372), (1361, 1366), (1327, 1360), (1321, 1326), (1319, 1320), (1307, 1318), (1303, 1306), (1301, 1302), (1297, 1300), (1291, 1296), (1289, 1290), (1283, 1288), (1279, 1282), (1277, 1278), (1259, 1276), (1249, 1258), (1237, 1248), (1231, 1236), (1229, 1230), (1223, 1228), (1217, 1222), (1213, 1216), (1201, 1212), (1193, 1200), (1187, 1192), (1181, 1186), (1171, 1180), (1163, 1170), (1153, 1162), (1151, 1152), (1129, 1150), (1123, 1128), (1117, 1122), (1109, 1116), (1103, 1108), (1097, 1102), (1093, 1096), (1091, 1092), (1087, 1090), (1069, 1086), (1063, 1068), (1061, 1062), (1051, 1060), (1049, 1050), (1039, 1048), (1033, 1038), (1031, 1032), (1021, 1030), (1019, 1020), (1013, 1018), (1009, 1012), (997, 1008), (991, 996), (983, 990), (977, 982), (971, 976), (967, 970), (953, 966), (947, 952), (941, 946), (937, 940), (929, 936), (919, 928), (911, 918), (907, 910), (887, 906), (883, 886), (881, 882), (877, 880), (863, 876), (859, 862), (857, 858), (853, 856), (839, 852), (829, 838), (827, 828), (823, 826), (821, 822), (811, 820), (809, 810), (797, 808), (787, 796), (773, 786), (769, 772), (761, 768), (757, 760), (751, 756), (743, 750), (739, 742), (733, 738), (727, 732), (719, 726), (709, 718), (701, 708), (691, 700), (683, 690), (677, 682), (673, 676), (661, 672), (659, 660), (653, 658), (647, 652), (643, 646), (641, 642), (631, 640), (619, 630), (617, 618), (613, 616), (607, 612), (601, 606), (599, 600), (593, 598), (587, 592), (577, 586), (571, 576), (569, 570), (563, 568), (557, 562), (547, 556), (541, 546), (523, 540), (521, 522), (509, 520), (503, 508), (499, 502), (491, 498), (487, 490), (479, 486), (467, 478), (463, 466), (461, 462), (457, 460), (449, 456), (443, 448), (439, 442), (433, 438), (431, 432), (421, 430), (419, 420), (409, 418), (401, 408), (397, 400), (389, 396), (383, 388), (379, 382), (373, 378), (367, 372), (359, 366), (353, 358), (349, 352), (347, 348), (337, 346), (331, 336), (317, 330), (313, 316), (311, 312), (307, 310), (293, 306), (283, 292), (281, 282), (277, 280), (271, 276), (269, 270), (263, 268), (257, 262), (251, 256), (241, 250), (239, 240), (233, 238), (229, 232), (227, 228), (223, 226), (211, 222), (199, 210), (197, 198), (193, 196), (191, 192), (181, 190), (179, 180), (173, 178), (167, 172), (163, 166), (157, 162), (151, 156), (149, 150), (139, 148), (137, 138), (131, 136), (127, 130), (113, 126), (109, 112), (107, 108), (103, 106), (101, 102), (97, 100), (89, 96), (83, 88), (79, 82), (73, 78), (71, 72), (67, 70), (61, 66), (59, 60), (53, 58), (47, 52), (43, 46), (41, 42), (37, 40), (31, 36), (29, 30), (23, 28), (19, 22), (17, 18), (13, 16), (11, 11)]

machines 299; a twin among the landings 2 t P_s - 1 in the window at 299; none at []
first t by machine (sample): [(13, 1), (31, 1), (101, 1), (499, 2), (997, 2), (1999, 2)]